111 407 239
203 77 495
356 492 358
423 176 50
341 29 340
231 68 479
591 132 755
232 570 234
568 106 567
261 16 265
784 662 782
89 538 800
124 454 316
501 143 510
817 558 816
247 243 13
89 800 737
44 728 770
602 142 606
283 519 149
78 508 498
75 498 500
787 732 689
344 346 488
141 419 789
500 273 75
199 73 487
605 607 604
110 572 235
552 94 550
359 357 32
553 369 95
597 600 138
48 272 418
144 371 553
762 140 603
487 493 489
195 198 480
784 416 134
197 71 477
136 352 600
597 759 758
16 263 265
758 716 784
673 713 805
754 755 648
254 413 257
347 345 503
329 109 571
63 189 462
620 158 621
363 33 367
121 799 749
6 203 200
516 210 207
9 222 219
381 539 385
309 64 467
105 569 570
566 567 102
322 456 125
542 540 544
285 449 287
796 669 797
734 86 794
633 683 729
296 298 22
43 393 175
567 106 228
284 431 52
429 427 438
539 157 385
514 243 80
558 387 97
736 88 535
13 244 242
209 523 211
167 511 378
53 435 433
8 213 216
380 384 527
35 374 376
115 524 515
559 555 97
147 768 793
723 765 653
816 97 745
801 671 800
539 89 535
578 579 582
788 418 140
732 786 688
762 603 763
140 274 602
135 760 599
812 553 95
371 370 34
373 34 372
201 498 75
164 348 489
236 12 239
554 369 373
602 603 140
419 48 787
418 274 140
18 273 276
277 273 18
510 143 376
141 764 605
145 607 605
79 374 511
722 653 764
375 96 557
376 377 35
169 391 631
349 626 165
498 508 500
631 390 168
241 113 575
78 509 368
372 34 368
499 79 205
78 368 508
346 344 30
165 626 628
487 71 197
17 268 266
489 344 71
349 504 345
574 110 346
488 477 71
238 108 573
479 477 488
234 11 232
218 221 398
12 238 240
234 570 109
344 488 71
11 233 230
109 478 234
327 70 485
571 109 570
484 491 72
17 266 269
73 356 493
198 72 480
811 761 719
139 599 761
718 760 785
483 271 137
269 135 598
483 137 492
598 599 601
731 782 686
731 783 47
135 785 760
686 635 731
687 783 731
782 47 416
47 783 417
47 266 416
417 783 785
491 350 72
268 416 266
194 476 196
136 600 596
109 485 478
491 486 162
194 197 477
623 624 625
625 355 354
31 351 353
341 339 29
809 675 717
759 650 758
134 268 596
549 355 163
354 31 350
759 717 650
808 741 699
740 641 741
93 545 741
641 699 741
624 343 163
29 342 338
163 343 547
92 339 546
779 730 685
699 675 808
131 592 595
193 469 191
624 342 343
191 469 65
343 342 29
327 331 486
29 338 340
475 469 67
46 260 414
754 648 712
336 622 337
803 753 711
661 781 779
780 754 712
755 713 648
755 805 713
451 457 453
805 804 673
132 591 594
544 337 160
337 28 336
540 91 544
621 158 324
220 561 222
471 469 475
336 159 622
313 24 312
342 475 338
161 624 623
459 188 191
192 66 462
311 467 106
64 190 458
327 486 70
196 5 194
107 461 470
161 475 342
458 190 188
459 191 65
401 399 40
10 225 229
398 400 396
401 105 403
100 431 286
56 443 219
564 100 286
185 182 3
103 442 222
100 560 216
394 212 214
178 180 430
560 100 564
450 285 289
615 156 616
440 56 442
398 221 102
566 104 568
9 223 221
219 442 56
218 397 220
222 442 219
310 311 568
24 309 311
321 541 90
160 622 621
696 640 738
739 540 738
325 324 26
738 90 802
541 127 803
15 258 256
127 541 323
127 587 753
777 659 710
441 56 182
442 449 440
127 323 589
26 320 322
60 455 314
182 56 440
444 186 60
751 797 709
314 455 318
126 533 797
683 659 775
123 587 586
25 314 318
533 126 317
614 153 289
45 412 774
584 588 585
25 315 317
87 735 796
319 534 315
300 152 437
534 530 87
532 530 534
251 117 411
530 734 735
772 116 410
614 288 152
614 615 616
614 152 615
422 431 424
319 156 534
296 437 54
430 54 437
152 288 432
428 118 436
297 531 86
118 298 436
794 668 692
14 250 252
578 582 118
248 410 250
251 411 248
705 668 795
771 681 728
581 117 580
748 117 581
410 44 770
411 771 44
51 249 428
179 433 181
536 798 799
2 180 178
52 430 432
119 580 253
177 180 2
250 578 252
427 429 51
99 244 563
424 431 100
292 434 101
50 422 424
111 239 575
220 98 561
397 392 394
40 400 224
392 397 39
394 98 397
212 38 395
171 39 396
13 246 244
99 215 395
521 293 114
213 424 216
562 101 217
395 38 393
294 154 435
302 306 23
36 380 382
619 157 618
610 283 149
363 524 365
629 367 366
81 519 279
629 631 168
386 37 388
523 83 525
387 391 559
386 390 37
168 367 629
387 389 37
388 528 386
147 610 611
611 613 151
610 149 613
386 85 529
793 726 667
766 792 724
792 420 790
282 19 280
790 49 733
512 82 521
53 179 423
608 282 280
520 522 82
146 280 420
766 724 654
304 23 305
423 179 176
23 303 305
23 307 303
150 538 383
800 695 737
535 537 539
737 695 639
771 728 44
748 773 117
786 664 688
732 688 636
732 636 689
48 786 732
788 140 762
721 652 763
788 786 418
652 720 762
664 786 788
813 553 812
788 762 720
762 763 652
788 720 664
763 813 721
552 550 554
742 642 743
677 813 812
701 812 743
677 812 701
701 743 642
812 95 743
95 369 554
553 371 369
369 371 34
553 813 144
721 813 677
763 603 144
763 144 813
603 606 144
370 606 142
371 144 606
276 142 602
606 603 602
370 142 508
602 274 276
368 370 508
371 606 370
165 372 509
34 370 368
204 78 498
502 504 509
76 504 502
502 509 78
18 276 274
273 500 276
142 500 508
142 276 500
277 501 273
79 511 505
418 272 274
275 604 277
275 277 18
604 607 143
272 48 419
418 786 48
18 272 275
18 274 272
789 419 787
275 272 419
787 689 665
789 787 665
48 732 787
722 789 665
764 141 789
789 722 764
275 141 604
275 419 141
765 764 653
815 723 678
141 605 604
764 765 605
815 765 723
145 605 765
145 377 607
35 375 379
607 377 376
145 815 556
814 815 678
145 765 815
814 678 702
96 556 814
377 145 556
559 557 555
556 815 814
744 702 643
702 744 814
379 630 378
555 744 745
96 814 744
744 643 745
744 555 96
169 630 379
387 559 97
557 96 555
556 375 377
378 511 374
377 375 35
556 96 375
557 379 375
557 169 379
35 378 374
496 237 240
379 378 35
507 366 362
630 167 378
630 629 167
167 629 366
631 391 390
507 362 77
366 367 33
366 33 362
33 363 365
507 77 505
573 240 238
511 507 505
497 506 113
167 507 511
167 366 507
6 200 202
74 237 496
498 201 204
505 77 203
201 499 205
376 374 510
499 510 79
505 203 205
205 79 505
510 374 79
273 501 75
143 607 376
277 143 501
277 604 143
501 499 75
205 203 6
75 499 201
501 510 499
201 6 204
201 205 6
76 345 504
30 344 348
204 502 78
202 200 494
489 348 344
348 164 626
204 202 502
496 240 112
76 503 345
76 202 494
494 496 503
506 77 362
502 202 76
204 6 202
76 494 503
200 74 494
494 74 496
200 203 495
506 495 77
74 200 495
33 364 362
237 12 240
362 364 506
575 239 241
113 364 577
113 506 364
575 577 576
364 33 365
406 404 108
12 237 241
577 575 113
576 245 111
495 497 74
497 241 237
74 497 237
495 506 497
12 241 239
497 113 241
406 238 236
347 574 346
407 236 239
238 12 236
1 171 172
404 233 108
242 43 409
42 236 407
404 402 41
171 170 392
402 174 173
42 407 405
402 404 406
230 233 404
42 406 236
42 402 406
174 402 42
41 403 230
479 235 231
479 110 235
108 572 573
233 235 572
110 574 572
503 496 112
574 573 572
112 240 573
406 108 238
233 572 108
345 30 349
345 347 30
112 347 503
346 30 347
30 348 349
489 493 164
110 488 346
110 479 488
112 574 347
112 573 574
196 484 198
481 492 73
194 5 197
199 487 197
69 267 483
271 598 137
483 492 481
627 361 166
137 358 492
137 598 601
601 359 358
601 599 139
32 356 358
360 627 164
481 73 199
492 356 73
493 487 73
489 71 487
356 360 493
626 349 348
627 626 164
628 372 165
626 627 628
164 493 360
509 372 368
628 373 372
504 165 509
504 349 165
94 552 357
166 373 628
627 166 628
369 34 373
554 166 552
627 360 361
552 166 361
554 373 166
32 360 356
32 361 360
810 94 551
357 361 32
139 811 551
552 361 357
642 742 700
550 95 554
551 94 357
742 743 550
742 550 94
743 95 550
742 810 700
700 810 676
742 94 810
811 719 676
810 811 676
810 551 811
811 139 761
551 357 359
135 599 598
761 651 719
761 760 651
651 760 718
761 599 760
551 359 139
358 137 601
358 359 32
601 139 359
417 785 135
785 663 718
69 482 267
269 598 271
663 783 687
269 417 135
783 663 785
266 417 269
266 47 417
687 731 635
267 482 270
134 597 758
686 782 662
731 47 782
270 136 596
352 490 350
268 17 270
352 350 31
271 17 269
69 483 481
268 270 596
17 271 267
17 267 270
271 483 267
199 195 481
482 136 270
481 195 69
199 197 5
198 5 196
195 199 5
68 194 477
476 485 70
68 476 194
478 485 476
5 198 195
484 72 198
70 196 476
70 484 196
480 482 69
72 350 490
482 490 136
482 480 490
195 480 69
72 490 480
350 491 354
484 70 486
162 486 331
491 484 486
27 331 327
625 624 163
329 27 327
329 328 27
330 623 331
161 342 624
470 65 326
471 475 161
162 625 354
545 549 547
354 355 31
163 547 549
623 162 331
354 491 162
600 353 138
93 741 808
353 351 548
31 355 351
784 134 758
596 600 597
138 353 548
600 352 353
353 352 31
136 490 352
416 784 782
758 650 716
268 134 416
596 597 134
784 716 662
809 717 759
138 759 597
138 809 759
548 809 138
548 93 808
809 808 675
809 548 808
351 93 548
351 549 93
92 545 547
351 355 549
545 92 740
547 343 339
547 339 92
343 29 339
698 641 740
741 545 740
93 549 545
92 806 740
546 806 92
698 740 806
807 674 806
698 806 674
757 715 807
756 649 757
715 674 807
756 129 781
757 649 715
595 133 341
807 806 546
341 340 595
730 778 684
781 714 756
714 649 756
757 593 756
464 261 63
415 779 781
661 714 781
661 779 685
781 129 415
685 730 634
779 415 46
730 684 634
778 780 660
263 415 129
46 730 779
592 131 265
63 465 463
263 16 260
778 730 46
592 593 595
340 338 474
129 592 263
131 474 465
756 593 129
133 807 546
131 595 340
593 757 133
263 592 265
129 593 592
593 133 595
757 807 133
355 625 163
162 623 625
546 341 133
546 339 341
330 161 623
330 471 161
67 474 338
131 340 474
189 63 463
265 131 465
193 463 67
465 474 463
190 466 192
192 462 189
4 192 189
4 190 192
472 130 464
66 472 462
335 132 594
260 46 415
264 16 261
265 465 261
472 464 462
261 465 63
462 464 63
264 262 16
464 264 261
262 260 16
128 754 780
414 778 46
263 260 415
128 591 754
262 414 260
780 778 414
778 660 684
780 712 660
414 128 780
590 264 130
594 591 590
755 754 591
130 264 464
590 591 128
262 128 414
262 264 590
594 590 130
128 262 590
334 594 130
334 335 594
805 132 543
473 66 466
543 132 335
805 755 132
333 91 543
804 805 543
697 673 804
91 739 804
543 91 804
332 28 334
337 544 333
802 541 803
697 739 640
697 804 739
91 333 544
543 335 333
335 334 28
622 160 337
332 472 66
334 130 472
28 332 336
334 472 332
333 28 337
333 335 28
159 473 468
66 192 466
66 473 332
466 64 468
159 468 313
473 466 468
473 336 332
473 159 336
620 159 313
620 622 159
468 309 313
468 64 309
452 308 310
309 467 311
226 567 228
106 467 460
10 226 228
221 223 566
225 62 461
460 467 458
229 225 461
228 460 225
62 458 188
64 466 190
225 460 62
467 64 458
62 460 458
228 106 460
4 191 188
4 193 191
190 4 188
189 193 4
474 67 463
338 475 67
326 65 471
461 62 459
463 193 189
67 469 193
326 471 330
65 469 471
27 328 326
107 571 569
330 27 326
107 569 229
328 470 326
461 459 470
470 459 65
62 188 459
570 569 571
10 228 225
403 105 232
227 569 105
331 27 330
327 485 329
109 329 485
571 328 329
328 107 470
328 571 107
479 68 477
478 476 68
68 231 478
235 233 11
231 234 478
231 235 11
232 11 230
234 231 11
403 232 230
105 570 232
404 41 230
401 40 224
173 41 402
399 401 403
107 229 461
569 227 229
105 401 227
403 41 399
227 10 229
224 400 226
227 224 10
227 401 224
224 226 10
400 102 226
173 399 41
396 39 398
173 172 399
396 400 40
399 172 40
1 174 175
172 396 40
172 171 396
39 171 392
172 173 1
566 102 221
567 226 102
400 398 102
39 397 218
221 218 9
397 98 220
220 222 9
561 103 222
175 170 1
393 38 170
39 218 398
220 9 218
392 38 394
392 170 38
8 212 215
394 38 212
560 214 216
98 394 214
214 8 216
214 212 8
215 217 8
50 424 213
217 101 425
176 422 50
287 564 286
216 424 100
103 287 449
20 288 289
98 560 561
98 214 560
560 564 561
449 442 103
103 564 287
103 561 564
448 58 450
440 449 58
449 285 58
287 286 20
287 20 285
286 431 284
455 450 153
58 285 450
455 448 450
186 184 448
186 3 184
184 182 440
58 184 440
453 158 312
444 57 183
457 61 320
448 184 58
3 182 184
451 59 185
443 56 441
182 185 441
61 456 320
312 24 308
104 443 452
452 443 441
104 223 443
223 219 443
223 9 219
310 568 104
311 106 568
104 566 223
568 567 566
308 24 310
313 309 24
452 310 104
24 311 310
59 453 308
312 620 313
453 312 308
158 620 312
452 59 308
320 456 322
441 59 452
441 185 59
59 451 453
445 187 183
158 457 324
324 457 320
185 187 451
445 57 447
325 621 324
622 620 621
453 457 158
451 61 457
320 26 324
323 541 321
160 542 544
160 621 325
321 325 26
542 160 325
90 540 542
739 91 540
739 738 640
540 90 738
325 321 542
541 802 90
672 696 802
752 647 753
323 321 26
90 542 321
672 802 803
696 738 802
322 323 26
322 589 323
587 127 589
753 803 127
586 587 589
752 753 587
803 711 672
753 647 711
752 710 647
752 777 710
775 777 413
752 587 123
125 586 589
412 254 256
257 123 586
777 752 123
447 57 255
775 729 683
259 125 447
456 61 445
259 255 15
57 444 446
322 125 589
456 447 125
259 447 255
456 445 447
586 259 257
586 125 259
451 187 61
185 3 187
187 445 61
187 3 183
454 444 60
57 445 183
60 186 448
183 3 186
186 444 183
454 446 444
318 455 153
60 448 455
25 316 314
454 60 314
124 316 588
454 314 316
153 616 318
317 316 25
15 256 254
122 750 776
258 124 584
316 317 588
258 446 124
255 57 446
256 258 584
255 446 258
584 124 588
446 454 124
259 15 257
255 258 15
15 254 257
774 776 658
123 413 777
123 257 413
777 775 659
413 45 775
775 45 729
413 254 45
774 682 729
254 412 45
256 122 412
584 122 256
584 585 122
45 774 729
776 750 708
122 585 750
533 317 315
412 776 774
412 122 776
729 682 633
774 658 682
708 750 646
776 708 658
750 585 751
709 646 751
750 751 646
585 588 126
709 797 669
751 585 126
796 693 669
735 638 693
751 126 797
588 317 126
87 533 315
87 796 533
533 796 797
735 693 796
25 319 315
25 318 319
315 534 87
22 301 300
87 530 735
534 156 532
735 734 638
299 297 22
734 692 638
794 795 668
772 746 116
747 705 795
120 747 795
579 116 746
747 644 705
746 704 644
118 582 298
579 747 120
299 120 531
582 579 120
795 794 531
734 530 86
795 531 120
86 532 297
734 794 692
86 531 794
615 301 156
86 530 532
301 297 532
298 582 299
450 289 153
285 20 289
319 616 156
319 318 616
156 301 532
615 152 300
152 432 437
288 284 432
153 614 616
289 288 614
296 300 437
301 615 300
299 22 298
297 301 22
120 299 582
531 297 299
177 426 180
436 296 54
298 296 436
22 300 296
20 284 288
20 286 284
54 430 180
432 284 52
432 430 437
2 176 179
178 422 176
52 431 422
52 178 430
52 422 178
176 2 178
2 181 177
51 428 426
426 54 180
427 51 177
436 54 426
252 249 14
252 118 428
772 410 770
116 250 410
426 428 436
249 252 428
252 578 118
116 579 578
248 250 14
116 578 250
747 746 644
747 579 746
680 656 770
704 746 772
645 706 748
680 770 728
772 656 704
772 770 656
251 248 14
44 410 248
728 632 680
119 253 429
14 249 253
253 251 14
253 580 251
581 580 583
117 251 580
248 411 44
117 773 411
799 707 749
657 681 771
681 632 728
773 706 657
771 773 657
771 411 773
736 694 798
749 748 581
706 773 748
749 645 748
707 799 670
583 121 581
798 670 799
305 536 121
303 537 88
305 121 583
536 799 121
121 749 581
707 645 749
157 307 618
157 537 307
119 304 583
303 536 305
798 88 736
303 307 537
536 88 798
536 303 88
155 619 617
55 302 438
295 522 155
385 157 619
618 154 617
433 439 55
619 618 617
307 306 618
618 306 154
307 23 306
294 435 290
154 306 439
427 55 438
435 154 439
306 302 439
427 177 181
304 302 23
55 439 302
583 304 305
438 302 304
119 429 438
253 249 429
304 119 438
583 580 119
439 433 435
181 2 179
55 181 433
55 427 181
177 51 426
429 249 51
213 425 50
522 291 82
425 423 50
434 53 423
295 294 21
435 53 290
179 53 433
434 290 53
101 565 292
114 514 521
434 292 290
565 293 292
8 217 213
217 215 562
425 101 434
562 215 99
423 425 434
213 217 425
212 395 215
395 393 408
393 43 408
563 565 562
171 1 170
173 174 1
170 175 393
174 42 405
408 43 242
405 407 409
175 405 43
175 174 405
13 242 245
43 405 409
245 242 409
244 99 408
244 408 242
99 395 408
563 562 99
565 101 562
247 13 245
246 563 244
247 515 243
514 114 246
576 111 575
409 407 111
111 245 409
576 247 245
115 247 576
243 514 246
577 115 576
577 364 365
115 515 247
513 206 80
13 243 246
80 206 512
515 80 243
515 513 80
80 512 514
206 208 512
512 521 514
293 565 114
521 82 291
81 207 517
563 114 565
563 246 114
291 293 521
291 21 293
292 21 290
292 293 21
294 295 617
21 291 295
21 294 290
617 154 294
291 522 295
208 206 7
84 527 520
384 385 619
295 155 617
522 527 155
522 520 527
211 85 517
208 520 82
210 516 84
7 211 207
517 519 81
518 81 279
518 516 81
519 528 149
519 517 528
211 517 207
85 528 517
210 7 207
83 513 524
520 208 210
206 209 7
210 208 7
82 512 208
524 513 515
83 363 525
7 209 211
206 513 209
115 365 524
115 577 365
168 525 367
529 85 523
513 83 209
524 363 83
630 631 629
630 169 631
529 168 390
525 363 367
529 525 168
529 523 525
85 386 528
529 390 386
211 523 85
209 83 523
745 703 816
151 389 558
388 37 389
390 391 37
169 559 391
169 557 559
389 387 558
37 391 387
555 745 97
769 817 727
643 703 745
817 816 679
558 97 816
613 611 610
816 703 679
727 817 679
769 151 817
655 768 769
655 769 727
768 611 769
817 151 558
769 611 151
151 613 389
149 528 388
388 613 149
388 389 613
768 147 611
283 279 519
147 281 610
281 19 283
726 768 655
726 793 768
421 281 147
791 793 667
421 147 793
49 421 791
791 421 793
281 283 610
691 791 667
49 278 421
733 691 637
733 49 791
690 666 790
612 148 608
278 49 420
278 281 421
19 279 283
278 19 281
278 420 280
278 280 19
146 766 609
19 282 279
526 380 84
383 382 612
518 279 282
81 516 207
384 36 385
210 84 520
516 518 526
516 526 84
518 282 148
84 380 527
526 148 382
155 384 619
155 527 384
382 148 612
526 518 148
146 608 280
148 282 608
36 382 383
380 526 382
609 612 608
150 383 612
36 381 385
383 538 381
381 36 383
384 380 36
157 539 537
381 538 89
535 89 737
539 381 89
736 535 737
88 537 535
798 694 670
150 801 538
767 609 766
800 671 695
800 538 801
736 639 694
736 737 639
609 767 150
654 767 766
150 612 609
725 767 654
725 801 767
767 801 150
725 671 801
691 733 791
690 790 733
792 790 666
420 49 790
608 146 609
420 792 146
733 637 690
724 792 666
766 146 792
