1.0000000000000000 0.0000000000000000 0.0000000000000000
0.5000000000000001 0.8660254037844386 0.0000000000000000
-0.4999999999999998 0.8660254037844387 0.0000000000000000
-1.0000000000000000 0.0000000000000001 0.0000000000000000
-0.5000000000000004 -0.8660254037844385 0.0000000000000000
0.5000000000000001 -0.8660254037844386 0.0000000000000000
0.7500000000000000 0.4330127018922193 0.0000000000000374
0.7500000000000000 -0.4330127018922193 0.0000000000000374
0.0000000000000002 0.8660254037844386 0.0000000000000374
-0.7499999999999999 0.4330127018922194 0.0000000000000374
-0.7500000000000002 -0.4330127018922192 0.0000000000000374
-0.0000000000000002 -0.8660254037844386 0.0000000000000374
0.8750000000000000 0.2165063509461096 0.0000000000000031
0.8750000000000000 -0.2165063509461096 0.0000000000000031
0.6250000000000000 0.6495190528383290 0.0000000000000031
0.2500000000000001 0.8660254037844386 0.0000000000000031
-0.2499999999999998 0.8660254037844386 0.0000000000000031
-0.6249999999999998 0.6495190528383290 0.0000000000000031
-0.8750000000000000 0.2165063509461098 0.0000000000000031
-0.8750000000000001 -0.2165063509461095 0.0000000000000031
-0.6250000000000003 -0.6495190528383288 0.0000000000000031
-0.2500000000000003 -0.8660254037844386 0.0000000000000031
0.6250000000000000 -0.6495190528383290 0.0000000000000031
0.2500000000000000 -0.8660254037844386 0.0000000000000031
0.9375000000000000 0.1082531754730548 0.0000000000000001
0.9375000000000000 -0.1082531754730548 0.0000000000000001
0.5625000000000000 0.7577722283113838 0.0000000000000001
0.3750000000000001 0.8660254037844386 0.0000000000000001
-0.3749999999999998 0.8660254037844386 0.0000000000000001
-0.5624999999999998 0.7577722283113839 0.0000000000000001
-0.9375000000000000 0.1082531754730549 0.0000000000000001
-0.9375000000000000 -0.1082531754730547 0.0000000000000001
-0.5625000000000004 -0.7577722283113837 0.0000000000000001
-0.3750000000000004 -0.8660254037844386 0.0000000000000001
0.5625000000000000 -0.7577722283113838 0.0000000000000001
0.3750000000000001 -0.8660254037844386 0.0000000000000001
0.8125000000000000 0.3247595264191645 0.0000000000000200
0.6875000000000000 0.5412658773652741 0.0000000000000200
0.8125000000000000 -0.3247595264191645 0.0000000000000200
0.6875000000000000 -0.5412658773652741 0.0000000000000200
0.1250000000000001 0.8660254037844386 0.0000000000000200
-0.1249999999999998 0.8660254037844386 0.0000000000000200
-0.6874999999999998 0.5412658773652742 0.0000000000000200
-0.8125000000000000 0.3247595264191646 0.0000000000000200
-0.8125000000000002 -0.3247595264191644 0.0000000000000200
-0.6875000000000002 -0.5412658773652740 0.0000000000000200
-0.1250000000000002 -0.8660254037844386 0.0000000000000200
0.1249999999999999 -0.8660254037844386 0.0000000000000200
0.9687500000000000 0.0541265877365274 0.0000000000000000
0.9687500000000000 -0.0541265877365274 0.0000000000000000
0.5312500000000000 0.8118988160479113 0.0000000000000000
0.4375000000000001 0.8660254037844386 0.0000000000000000
-0.4374999999999998 0.8660254037844386 0.0000000000000000
-0.5312499999999998 0.8118988160479113 0.0000000000000000
-0.9687500000000000 0.0541265877365275 0.0000000000000000
-0.9687500000000000 -0.0541265877365273 0.0000000000000000
-0.5312500000000004 -0.8118988160479110 0.0000000000000000
-0.4375000000000004 -0.8660254037844386 0.0000000000000000
0.5312500000000000 -0.8118988160479113 0.0000000000000000
0.4375000000000001 -0.8660254037844386 0.0000000000000000
0.7812500000000000 0.3788861141556919 0.0000000000000320
0.7187500000000000 0.4871392896287467 0.0000000000000320
0.7812500000000000 -0.3788861141556919 0.0000000000000320
0.7187500000000000 -0.4871392896287467 0.0000000000000320
0.0625000000000002 0.8660254037844386 0.0000000000000320
-0.0624999999999998 0.8660254037844386 0.0000000000000320
-0.7187499999999998 0.4871392896287468 0.0000000000000320
-0.7812500000000000 0.3788861141556920 0.0000000000000320
-0.7812500000000002 -0.3788861141556918 0.0000000000000320
-0.7187500000000002 -0.4871392896287466 0.0000000000000320
-0.0625000000000002 -0.8660254037844386 0.0000000000000320
0.0624999999999999 -0.8660254037844386 0.0000000000000320
0.9062500000000000 0.1623797632095823 0.0000000000000008
0.8437500000000000 0.2706329386826370 0.0000000000000092
0.9062500000000000 -0.1623797632095823 0.0000000000000008
0.8437500000000000 -0.2706329386826370 0.0000000000000092
0.5937500000000000 0.7036456405748563 0.0000000000000008
0.6562500000000000 0.5953924651018015 0.0000000000000092
0.3125000000000001 0.8660254037844386 0.0000000000000008
0.1875000000000001 0.8660254037844386 0.0000000000000092
-0.3124999999999998 0.8660254037844386 0.0000000000000008
-0.1874999999999998 0.8660254037844386 0.0000000000000092
-0.5937499999999998 0.7036456405748565 0.0000000000000008
-0.6562499999999998 0.5953924651018017 0.0000000000000092
-0.9062500000000000 0.1623797632095824 0.0000000000000008
-0.8437500000000000 0.2706329386826372 0.0000000000000092
-0.9062500000000000 -0.1623797632095821 0.0000000000000008
-0.8437500000000002 -0.2706329386826369 0.0000000000000092
-0.5937500000000004 -0.7036456405748562 0.0000000000000008
-0.6562500000000002 -0.5953924651018014 0.0000000000000092
-0.3125000000000003 -0.8660254037844386 0.0000000000000008
-0.1875000000000003 -0.8660254037844386 0.0000000000000092
0.5937500000000000 -0.7036456405748563 0.0000000000000008
0.6562500000000000 -0.5953924651018015 0.0000000000000092
0.3125000000000000 -0.8660254037844386 0.0000000000000008
0.1874999999999999 -0.8660254037844386 0.0000000000000092
0.9375000000000000 0.0000000000000000 0.0000000000000002
0.4687500000000001 0.8118988160479113 0.0000000000000002
-0.4687499999999998 0.8118988160479113 0.0000000000000002
-0.9375000000000000 0.0000000000000001 0.0000000000000002
-0.4687500000000004 -0.8118988160479110 0.0000000000000002
0.4687500000000001 -0.8118988160479113 0.0000000000000002
0.7187500000000000 0.3788861141556919 0.0000000000013614
0.6875000000000000 0.4330127018922193 0.0000000000013614
0.7187500000000000 -0.3788861141556919 0.0000000000013614
0.6875000000000000 -0.4330127018922193 0.0000000000013614
0.0312500000000002 0.8118988160479113 0.0000000000013614
-0.0312499999999998 0.8118988160479113 0.0000000000013614
-0.6874999999999999 0.4330127018922194 0.0000000000013614
-0.7187500000000000 0.3788861141556920 0.0000000000013614
-0.7187500000000002 -0.3788861141556918 0.0000000000013614
-0.6875000000000002 -0.4330127018922192 0.0000000000013614
-0.0312500000000002 -0.8118988160479111 0.0000000000013614
0.0312499999999999 -0.8118988160479113 0.0000000000013614
0.8437500000000000 0.1623797632095823 0.0000000000000598
0.8125000000000000 0.2165063509461096 0.0000000000002088
0.8437500000000000 -0.1623797632095823 0.0000000000000598
0.8125000000000000 -0.2165063509461096 0.0000000000002088
0.5625000000000000 0.6495190528383290 0.0000000000000598
0.5937500000000000 0.5953924651018015 0.0000000000002088
0.2812500000000001 0.8118988160479113 0.0000000000000598
0.2187500000000001 0.8118988160479113 0.0000000000002088
-0.2812499999999998 0.8118988160479113 0.0000000000000598
-0.2187499999999998 0.8118988160479113 0.0000000000002088
-0.5624999999999998 0.6495190528383290 0.0000000000000598
-0.5937499999999998 0.5953924651018017 0.0000000000002088
-0.8437500000000000 0.1623797632095823 0.0000000000000598
-0.8125000000000000 0.2165063509461098 0.0000000000002088
-0.8437500000000000 -0.1623797632095821 0.0000000000000598
-0.8125000000000001 -0.2165063509461095 0.0000000000002088
-0.5625000000000003 -0.6495190528383288 0.0000000000000598
-0.5937500000000002 -0.5953924651018014 0.0000000000002088
-0.2812500000000003 -0.8118988160479111 0.0000000000000598
-0.2187500000000003 -0.8118988160479111 0.0000000000002088
0.5625000000000000 -0.6495190528383290 0.0000000000000598
0.5937500000000000 -0.5953924651018015 0.0000000000002088
0.2812500000000000 -0.8118988160479113 0.0000000000000598
0.2187499999999999 -0.8118988160479113 0.0000000000002088
0.9062500000000000 0.0541265877365274 0.0000000000000019
0.9062500000000000 -0.0541265877365274 0.0000000000000019
0.8750000000000000 0.1082531754730548 0.0000000000000125
0.8750000000000000 -0.1082531754730548 0.0000000000000125
0.5000000000000000 0.7577722283113838 0.0000000000000019
0.4062500000000001 0.8118988160479113 0.0000000000000019
0.5312500000000000 0.7036456405748563 0.0000000000000125
0.3437500000000001 0.8118988160479113 0.0000000000000125
-0.4062499999999998 0.8118988160479113 0.0000000000000019
-0.4999999999999998 0.7577722283113839 0.0000000000000019
-0.3437499999999998 0.8118988160479113 0.0000000000000125
-0.5312499999999998 0.7036456405748565 0.0000000000000125
-0.9062500000000000 0.0541265877365275 0.0000000000000019
-0.9062500000000000 -0.0541265877365273 0.0000000000000019
-0.8750000000000000 0.1082531754730549 0.0000000000000125
-0.8750000000000000 -0.1082531754730547 0.0000000000000125
-0.5000000000000004 -0.7577722283113837 0.0000000000000019
-0.4062500000000004 -0.8118988160479111 0.0000000000000019
-0.5312500000000004 -0.7036456405748562 0.0000000000000125
-0.3437500000000003 -0.8118988160479111 0.0000000000000125
0.5000000000000000 -0.7577722283113838 0.0000000000000019
0.4062500000000001 -0.8118988160479113 0.0000000000000019
0.5312500000000000 -0.7036456405748563 0.0000000000000125
0.3437500000000001 -0.8118988160479113 0.0000000000000125
0.7500000000000000 0.3247595264191645 0.0000000000009960
0.7812500000000000 0.2706329386826370 0.0000000000005331
0.6562500000000000 0.4871392896287467 0.0000000000009960
0.6250000000000000 0.5412658773652741 0.0000000000005331
0.7500000000000000 -0.3247595264191645 0.0000000000009960
0.7812500000000000 -0.2706329386826370 0.0000000000005331
0.6562500000000000 -0.4871392896287467 0.0000000000009960
0.6250000000000000 -0.5412658773652741 0.0000000000005331
0.0937500000000001 0.8118988160479113 0.0000000000009960
0.1562500000000001 0.8118988160479113 0.0000000000005331
-0.0937499999999998 0.8118988160479113 0.0000000000009960
-0.1562499999999998 0.8118988160479113 0.0000000000005331
-0.6562499999999998 0.4871392896287468 0.0000000000009960
-0.6249999999999998 0.5412658773652742 0.0000000000005331
-0.7500000000000000 0.3247595264191646 0.0000000000009960
-0.7812500000000000 0.2706329386826372 0.0000000000005331
-0.7500000000000002 -0.3247595264191644 0.0000000000009960
-0.7812500000000002 -0.2706329386826369 0.0000000000005331
-0.6562500000000002 -0.4871392896287466 0.0000000000009960
-0.6250000000000002 -0.5412658773652740 0.0000000000005331
-0.0937500000000002 -0.8118988160479111 0.0000000000009960
-0.1562500000000003 -0.8118988160479111 0.0000000000005331
0.0937499999999999 -0.8118988160479113 0.0000000000009960
0.1562499999999999 -0.8118988160479113 0.0000000000005331
