0.0000000000000000 0.0000000000000000 0.4000000000000000
0.5000000000000000 0.0000000000000000 0.0000181599719050
0.2500000000000001 0.4330127018922193 0.0000181599719050
-0.2499999999999999 0.4330127018922194 0.0000181599719050
-0.5000000000000000 0.0000000000000001 0.0000181599719050
-0.2500000000000002 -0.4330127018922192 0.0000181599719050
0.2500000000000001 -0.4330127018922193 0.0000181599719050
0.2500000000000000 0.0000000000000000 0.0328339994495595
0.1250000000000000 0.2165063509461096 0.0328339994495595
-0.1249999999999999 0.2165063509461097 0.0328339994495595
-0.2500000000000000 0.0000000000000000 0.0328339994495595
-0.1250000000000001 -0.2165063509461096 0.0328339994495595
0.1250000000000000 -0.2165063509461096 0.0328339994495595
0.7500000000000000 0.0000000000000000 0.0000000000676759
0.3750000000000001 0.6495190528383290 0.0000000000676759
-0.3749999999999998 0.6495190528383290 0.0000000000676759
-0.7500000000000000 0.0000000000000001 0.0000000000676759
-0.3750000000000003 -0.6495190528383289 0.0000000000676759
0.3750000000000001 -0.6495190528383290 0.0000000000676759
0.3750000000000000 0.2165063509461096 0.0002212337480591
0.3750000000000000 -0.2165063509461096 0.0002212337480591
0.6250000000000000 0.2165063509461096 0.0000000100439966
0.6250000000000000 -0.2165063509461096 0.0000000100439966
0.0000000000000001 0.4330127018922193 0.0002212337480591
0.5000000000000000 0.4330127018922193 0.0000000100439966
0.1250000000000001 0.6495190528383290 0.0000000100439966
-0.3749999999999999 0.2165063509461097 0.0002212337480591
-0.1249999999999999 0.6495190528383290 0.0000000100439966
-0.4999999999999999 0.4330127018922194 0.0000000100439966
-0.3750000000000001 -0.2165063509461096 0.0002212337480591
-0.6250000000000000 0.2165063509461097 0.0000000100439966
-0.6250000000000001 -0.2165063509461096 0.0000000100439966
-0.0000000000000001 -0.4330127018922193 0.0002212337480591
-0.5000000000000002 -0.4330127018922192 0.0000000100439966
-0.1250000000000002 -0.6495190528383289 0.0000000100439966
0.5000000000000000 -0.4330127018922193 0.0000000100439966
0.1249999999999999 -0.6495190528383290 0.0000000100439966
0.1250000000000000 0.0000000000000000 0.2141045714075961
0.0625000000000000 0.1082531754730548 0.2141045714075961
-0.0625000000000000 0.1082531754730548 0.2141045714075961
-0.1250000000000000 0.0000000000000000 0.2141045714075961
-0.0625000000000001 -0.1082531754730548 0.2141045714075961
0.0625000000000000 -0.1082531754730548 0.2141045714075961
0.8750000000000000 0.0000000000000000 0.0000000000000200
0.4375000000000001 0.7577722283113838 0.0000000000000200
-0.4374999999999998 0.7577722283113839 0.0000000000000200
-0.8750000000000000 0.0000000000000001 0.0000000000000200
-0.4375000000000004 -0.7577722283113837 0.0000000000000200
0.4375000000000001 -0.7577722283113838 0.0000000000000200
0.3750000000000000 0.0000000000000000 0.0014426252544063
0.6250000000000000 0.0000000000000000 0.0000000654950852
0.4375000000000000 0.1082531754730548 0.0001184178920227
0.4375000000000000 -0.1082531754730548 0.0001184178920227
0.5625000000000000 0.1082531754730548 0.0000007978934802
0.5625000000000000 -0.1082531754730548 0.0000007978934802
0.1875000000000001 0.3247595264191645 0.0014426252544063
0.3125000000000001 0.5412658773652741 0.0000000654950852
0.3125000000000000 0.3247595264191645 0.0001184178920227
0.1250000000000001 0.4330127018922193 0.0001184178920227
0.3750000000000000 0.4330127018922193 0.0000007978934802
0.1875000000000001 0.5412658773652741 0.0000007978934802
-0.1874999999999999 0.3247595264191645 0.0014426252544063
-0.3124999999999999 0.5412658773652742 0.0000000654950852
-0.1249999999999999 0.4330127018922193 0.0001184178920227
-0.3124999999999999 0.3247595264191645 0.0001184178920227
-0.1874999999999999 0.5412658773652742 0.0000007978934802
-0.3749999999999999 0.4330127018922194 0.0000007978934802
-0.3750000000000000 0.0000000000000000 0.0014426252544063
-0.6250000000000000 0.0000000000000001 0.0000000654950852
-0.4375000000000000 0.1082531754730549 0.0001184178920227
-0.4375000000000001 -0.1082531754730548 0.0001184178920227
-0.5625000000000000 0.1082531754730549 0.0000007978934802
-0.5625000000000000 -0.1082531754730548 0.0000007978934802
-0.1875000000000002 -0.3247595264191644 0.0014426252544063
-0.3125000000000003 -0.5412658773652741 0.0000000654950852
-0.3125000000000002 -0.3247595264191644 0.0001184178920227
-0.1250000000000002 -0.4330127018922193 0.0001184178920227
-0.3750000000000002 -0.4330127018922192 0.0000007978934802
-0.1875000000000002 -0.5412658773652741 0.0000007978934802
0.1875000000000001 -0.3247595264191645 0.0014426252544063
0.3125000000000001 -0.5412658773652741 0.0000000654950852
0.3125000000000000 -0.3247595264191645 0.0001184178920227
0.1250000000000000 -0.4330127018922193 0.0001184178920227
0.3750000000000000 -0.4330127018922193 0.0000007978934802
0.1875000000000000 -0.5412658773652741 0.0000007978934802
0.6875000000000000 0.3247595264191645 0.0000000000362243
0.6250000000000000 0.4330127018922193 0.0000000000362243
0.6875000000000000 -0.3247595264191645 0.0000000000362243
0.6250000000000000 -0.4330127018922193 0.0000000000362243
0.0625000000000001 0.7577722283113838 0.0000000000362243
-0.0624999999999998 0.7577722283113838 0.0000000000362243
-0.6249999999999999 0.4330127018922194 0.0000000000362243
-0.6875000000000000 0.3247595264191646 0.0000000000362243
-0.6875000000000002 -0.3247595264191644 0.0000000000362243
-0.6250000000000002 -0.4330127018922192 0.0000000000362243
-0.0625000000000002 -0.7577722283113837 0.0000000000362243
0.0624999999999999 -0.7577722283113838 0.0000000000362243
0.1875000000000000 0.1082531754730548 0.0613419867379714
0.1875000000000000 -0.1082531754730548 0.0613419867379714
0.3125000000000000 0.1082531754730548 0.0050352568969736
0.3125000000000000 -0.1082531754730548 0.0050352568969736
0.0000000000000000 0.2165063509461096 0.0613419867379714
0.2500000000000000 0.2165063509461096 0.0050352568969736
0.0625000000000001 0.3247595264191645 0.0050352568969736
-0.1875000000000000 0.1082531754730549 0.0613419867379714
-0.0624999999999999 0.3247595264191645 0.0050352568969736
-0.2499999999999999 0.2165063509461097 0.0050352568969736
-0.1875000000000001 -0.1082531754730548 0.0613419867379713
-0.3125000000000000 0.1082531754730549 0.0050352568969736
-0.3125000000000001 -0.1082531754730548 0.0050352568969736
-0.0000000000000000 -0.2165063509461096 0.0613419867379714
-0.2500000000000001 -0.2165063509461096 0.0050352568969736
-0.0625000000000001 -0.3247595264191644 0.0050352568969736
0.2500000000000000 -0.2165063509461096 0.0050352568969736
0.0625000000000000 -0.3247595264191645 0.0050352568969736
0.8125000000000000 0.1082531754730548 0.0000000000008519
0.8125000000000000 -0.1082531754730548 0.0000000000008519
0.6875000000000000 0.1082531754730548 0.0000000015402968
0.6875000000000000 -0.1082531754730548 0.0000000015402968
0.7500000000000000 0.2165063509461096 0.0000000000103784
0.7500000000000000 -0.2165063509461096 0.0000000000103784
0.5000000000000000 0.6495190528383290 0.0000000000008519
0.3125000000000001 0.7577722283113838 0.0000000000008519
0.4375000000000001 0.5412658773652741 0.0000000015402968
0.2500000000000001 0.6495190528383290 0.0000000015402968
0.5625000000000000 0.5412658773652741 0.0000000000103784
0.1875000000000001 0.7577722283113838 0.0000000000103784
-0.3124999999999998 0.7577722283113838 0.0000000000008519
-0.4999999999999998 0.6495190528383290 0.0000000000008519
-0.2499999999999998 0.6495190528383290 0.0000000015402968
-0.4374999999999999 0.5412658773652742 0.0000000015402968
-0.1874999999999998 0.7577722283113838 0.0000000000103784
-0.5624999999999998 0.5412658773652742 0.0000000000103784
-0.8125000000000000 0.1082531754730549 0.0000000000008519
-0.8125000000000000 -0.1082531754730547 0.0000000000008519
-0.6875000000000000 0.1082531754730549 0.0000000015402968
-0.6875000000000000 -0.1082531754730547 0.0000000015402968
-0.7500000000000000 0.2165063509461098 0.0000000000103784
-0.7500000000000001 -0.2165063509461095 0.0000000000103784
-0.5000000000000003 -0.6495190528383288 0.0000000000008519
-0.3125000000000003 -0.7577722283113837 0.0000000000008519
-0.4375000000000003 -0.5412658773652741 0.0000000015402968
-0.2500000000000003 -0.6495190528383289 0.0000000015402968
-0.5625000000000002 -0.5412658773652740 0.0000000000103784
-0.1875000000000003 -0.7577722283113837 0.0000000000103784
0.5000000000000000 -0.6495190528383290 0.0000000000008519
0.3125000000000001 -0.7577722283113838 0.0000000000008519
0.4375000000000001 -0.5412658773652741 0.0000000015402968
0.2500000000000000 -0.6495190528383290 0.0000000015402968
0.5625000000000000 -0.5412658773652741 0.0000000000103784
0.1874999999999999 -0.7577722283113838 0.0000000000103784
0.5000000000000000 0.2165063509461096 0.0000027849218894
0.4375000000000000 0.3247595264191645 0.0000027849218894
0.5000000000000000 -0.2165063509461096 0.0000027849218894
0.4375000000000000 -0.3247595264191645 0.0000027849218894
0.5625000000000000 0.3247595264191645 0.0000000187646561
0.5625000000000000 -0.3247595264191645 0.0000000187646561
0.0625000000000001 0.5412658773652741 0.0000027849218894
-0.0624999999999999 0.5412658773652741 0.0000027849218894
0.0000000000000001 0.6495190528383290 0.0000000187646561
-0.4374999999999999 0.3247595264191646 0.0000027849218894
-0.5000000000000000 0.2165063509461097 0.0000027849218894
-0.5625000000000000 0.3247595264191646 0.0000000187646561
-0.5000000000000001 -0.2165063509461096 0.0000027849218894
-0.4375000000000002 -0.3247595264191644 0.0000027849218894
-0.5625000000000002 -0.3247595264191644 0.0000000187646561
-0.0625000000000001 -0.5412658773652741 0.0000027849218894
0.0624999999999999 -0.5412658773652741 0.0000027849218894
-0.0000000000000001 -0.6495190528383290 0.0000000187646561
0.0625000000000000 0.0000000000000000 0.3421381309229690
0.0312500000000000 0.0541265877365274 0.3421381309229690
-0.0312500000000000 0.0541265877365274 0.3421381309229690
-0.0625000000000000 0.0000000000000000 0.3421381309229690
-0.0312500000000000 -0.0541265877365274 0.3421381309229690
0.0312500000000000 -0.0541265877365274 0.3421381309229690
0.4375000000000000 0.0000000000000000 0.0001892312526451
0.5625000000000000 0.0000000000000000 0.0000012750301509
0.4687500000000000 0.0541265877365274 0.0000542156615987
0.4687500000000000 -0.0541265877365274 0.0000542156615987
0.5312500000000000 0.0541265877365274 0.0000044502925077
0.5312500000000000 -0.0541265877365274 0.0000044502925077
0.2187500000000001 0.3788861141556919 0.0001892312526451
0.2812500000000001 0.4871392896287467 0.0000012750301509
0.2812500000000000 0.3788861141556919 0.0000542156615987
0.1875000000000001 0.4330127018922193 0.0000542156615987
0.3125000000000000 0.4330127018922193 0.0000044502925077
0.2187500000000001 0.4871392896287467 0.0000044502925077
-0.2187499999999999 0.3788861141556920 0.0001892312526451
-0.2812499999999999 0.4871392896287468 0.0000012750301509
-0.1874999999999999 0.4330127018922193 0.0000542156615987
-0.2812499999999999 0.3788861141556920 0.0000542156615987
-0.2187499999999999 0.4871392896287468 0.0000044502925077
-0.3124999999999999 0.4330127018922194 0.0000044502925077
-0.4375000000000000 0.0000000000000001 0.0001892312526451
-0.5625000000000000 0.0000000000000001 0.0000012750301509
-0.4687500000000000 0.0541265877365275 0.0000542156615987
-0.4687500000000000 -0.0541265877365274 0.0000542156615987
-0.5312500000000000 0.0541265877365275 0.0000044502925077
-0.5312500000000000 -0.0541265877365273 0.0000044502925077
-0.2187500000000002 -0.3788861141556918 0.0001892312526451
-0.2812500000000002 -0.4871392896287466 0.0000012750301509
-0.2812500000000002 -0.3788861141556918 0.0000542156615987
-0.1875000000000002 -0.4330127018922193 0.0000542156615987
-0.3125000000000002 -0.4330127018922192 0.0000044502925077
-0.2187500000000002 -0.4871392896287466 0.0000044502925077
0.2187500000000001 -0.3788861141556919 0.0001892312526451
0.2812500000000001 -0.4871392896287467 0.0000012750301509
0.2812500000000000 -0.3788861141556919 0.0000542156615987
0.1875000000000000 -0.4330127018922193 0.0000542156615987
0.3125000000000000 -0.4330127018922193 0.0000044502925077
0.2187500000000000 -0.4871392896287467 0.0000044502925077
0.1875000000000000 0.0000000000000000 0.0980242156982104
0.3125000000000000 0.0000000000000000 0.0080463176106964
0.2187500000000000 0.0541265877365274 0.0524685817240777
0.2187500000000000 -0.0541265877365274 0.0524685817240777
0.2812500000000000 0.0541265877365274 0.0150325003483992
0.2812500000000000 -0.0541265877365274 0.0150325003483992
0.0937500000000000 0.1623797632095823 0.0980242156982103
0.1562500000000001 0.2706329386826370 0.0080463176106964
0.1562500000000000 0.1623797632095823 0.0524685817240777
0.0625000000000000 0.2165063509461096 0.0524685817240777
0.1875000000000000 0.2165063509461096 0.0150325003483992
0.0937500000000000 0.2706329386826370 0.0150325003483992
-0.0937500000000000 0.1623797632095823 0.0980242156982104
-0.1562499999999999 0.2706329386826371 0.0080463176106964
-0.0625000000000000 0.2165063509461096 0.0524685817240777
-0.1562499999999999 0.1623797632095823 0.0524685817240777
-0.0937499999999999 0.2706329386826371 0.0150325003483992
-0.1874999999999999 0.2165063509461097 0.0150325003483992
-0.1875000000000000 0.0000000000000000 0.0980242156982104
-0.3125000000000000 0.0000000000000000 0.0080463176106964
-0.2187500000000000 0.0541265877365274 0.0524685817240777
-0.2187500000000000 -0.0541265877365274 0.0524685817240777
-0.2812500000000000 0.0541265877365274 0.0150325003483992
-0.2812500000000000 -0.0541265877365274 0.0150325003483992
-0.0937500000000001 -0.1623797632095822 0.0980242156982103
-0.1562500000000001 -0.2706329386826370 0.0080463176106963
-0.1562500000000001 -0.1623797632095822 0.0524685817240777
-0.0625000000000001 -0.2165063509461096 0.0524685817240777
-0.1875000000000001 -0.2165063509461096 0.0150325003483992
-0.0937500000000001 -0.2706329386826370 0.0150325003483992
0.0937500000000000 -0.1623797632095823 0.0980242156982103
0.1562500000000001 -0.2706329386826370 0.0080463176106964
0.1562500000000000 -0.1623797632095823 0.0524685817240777
0.0625000000000000 -0.2165063509461096 0.0524685817240777
0.1875000000000000 -0.2165063509461096 0.0150325003483992
0.0937500000000000 -0.2706329386826370 0.0150325003483992
0.8125000000000000 0.0000000000000000 0.0000000000013614
0.6875000000000000 0.0000000000000000 0.0000000024613872
0.7812500000000000 0.0541265877365274 0.0000000000088771
0.7812500000000000 -0.0541265877365274 0.0000000000088771
0.7187500000000000 0.0541265877365274 0.0000000003774660
0.7187500000000000 -0.0541265877365274 0.0000000003774660
0.4062500000000001 0.7036456405748563 0.0000000000013614
0.3437500000000001 0.5953924651018015 0.0000000024613872
0.4375000000000001 0.6495190528383290 0.0000000000088771
0.3437500000000001 0.7036456405748563 0.0000000000088771
0.4062500000000001 0.5953924651018015 0.0000000003774660
0.3125000000000001 0.6495190528383290 0.0000000003774660
-0.4062499999999998 0.7036456405748565 0.0000000000013614
-0.3437499999999999 0.5953924651018017 0.0000000024613872
-0.3437499999999998 0.7036456405748563 0.0000000000088771
-0.4374999999999998 0.6495190528383290 0.0000000000088771
-0.3124999999999998 0.6495190528383290 0.0000000003774660
-0.4062499999999999 0.5953924651018017 0.0000000003774660
-0.8125000000000000 0.0000000000000001 0.0000000000013614
-0.6875000000000000 0.0000000000000001 0.0000000024613872
-0.7812500000000000 0.0541265877365275 0.0000000000088771
-0.7812500000000000 -0.0541265877365273 0.0000000000088771
-0.7187500000000000 0.0541265877365275 0.0000000003774660
-0.7187500000000000 -0.0541265877365273 0.0000000003774660
-0.4062500000000003 -0.7036456405748563 0.0000000000013614
-0.3437500000000003 -0.5953924651018014 0.0000000024613872
-0.4375000000000003 -0.6495190528383288 0.0000000000088771
-0.3437500000000003 -0.7036456405748563 0.0000000000088771
-0.4062500000000003 -0.5953924651018014 0.0000000003774660
-0.3125000000000003 -0.6495190528383289 0.0000000003774660
0.4062500000000001 -0.7036456405748563 0.0000000000013614
0.3437500000000001 -0.5953924651018015 0.0000000024613872
0.4375000000000001 -0.6495190528383290 0.0000000000088771
0.3437500000000001 -0.7036456405748563 0.0000000000088771
0.4062500000000001 -0.5953924651018015 0.0000000003774660
0.3125000000000001 -0.6495190528383290 0.0000000003774660
0.4062500000000000 0.1623797632095823 0.0001892312526451
0.3437500000000000 0.2706329386826370 0.0001892312526451
0.3437500000000000 0.1623797632095823 0.0012339427704121
0.3125000000000000 0.2165063509461096 0.0012339427704121
0.4375000000000000 0.2165063509461096 0.0000290195524754
0.4062500000000000 0.2706329386826370 0.0000290195524754
0.4062500000000000 -0.1623797632095823 0.0001892312526451
0.3437500000000000 -0.2706329386826370 0.0001892312526451
0.3437500000000000 -0.1623797632095823 0.0012339427704121
0.3125000000000000 -0.2165063509461096 0.0012339427704121
0.4375000000000000 -0.2165063509461096 0.0000290195524754
0.4062500000000000 -0.2706329386826370 0.0000290195524754
0.5937500000000000 0.1623797632095823 0.0000001046608482
0.6562500000000000 0.2706329386826370 0.0000000007051992
0.6562500000000000 0.1623797632095823 0.0000000045984767
0.6875000000000000 0.2165063509461096 0.0000000003774660
0.5625000000000000 0.2165063509461096 0.0000001955322065
0.5937500000000000 0.2706329386826370 0.0000000160502609
0.5937500000000000 -0.1623797632095823 0.0000001046608482
0.6562500000000000 -0.2706329386826370 0.0000000007051992
0.6562500000000000 -0.1623797632095823 0.0000000045984767
0.6875000000000000 -0.2165063509461096 0.0000000003774660
0.5625000000000000 -0.2165063509461096 0.0000001955322065
0.5937500000000000 -0.2706329386826370 0.0000000160502609
0.0625000000000001 0.4330127018922193 0.0001892312526451
-0.0624999999999999 0.4330127018922193 0.0001892312526451
0.0312500000000001 0.3788861141556919 0.0012339427704121
-0.0312499999999999 0.3788861141556919 0.0012339427704121
0.0312500000000001 0.4871392896287467 0.0000290195524754
-0.0312499999999999 0.4871392896287467 0.0000290195524754
0.4375000000000000 0.4330127018922193 0.0000001046608482
0.5625000000000000 0.4330127018922193 0.0000000007051992
0.4687500000000000 0.4871392896287467 0.0000000045984767
0.5312500000000000 0.4871392896287467 0.0000000003774660
0.4687500000000000 0.3788861141556919 0.0000001955322065
0.5312500000000000 0.3788861141556919 0.0000000160502609
0.1562500000000001 0.5953924651018015 0.0000001046608482
0.0937500000000001 0.7036456405748563 0.0000000007051992
0.1875000000000001 0.6495190528383290 0.0000000045984767
0.1562500000000001 0.7036456405748563 0.0000000003774660
0.0937500000000001 0.5953924651018015 0.0000001955322065
0.0625000000000001 0.6495190528383290 0.0000000160502609
-0.3437499999999999 0.2706329386826371 0.0001892312526451
-0.4062500000000000 0.1623797632095823 0.0001892312526451
-0.3124999999999999 0.2165063509461097 0.0012339427704121
-0.3437500000000000 0.1623797632095823 0.0012339427704121
-0.4062499999999999 0.2706329386826372 0.0000290195524754
-0.4375000000000000 0.2165063509461097 0.0000290195524754
-0.1562499999999999 0.5953924651018017 0.0000001046608482
-0.0937499999999999 0.7036456405748563 0.0000000007051992
-0.1874999999999998 0.6495190528383290 0.0000000045984767
-0.1562499999999998 0.7036456405748563 0.0000000003774660
-0.0937499999999999 0.5953924651018015 0.0000001955322065
-0.0624999999999999 0.6495190528383290 0.0000000160502609
-0.4374999999999999 0.4330127018922194 0.0000001046608482
-0.5624999999999999 0.4330127018922194 0.0000000007051992
-0.4687499999999999 0.4871392896287468 0.0000000045984767
-0.5312499999999998 0.4871392896287468 0.0000000003774660
-0.4687499999999999 0.3788861141556920 0.0000001955322065
-0.5312500000000000 0.3788861141556920 0.0000000160502609
-0.4062500000000001 -0.1623797632095822 0.0001892312526451
-0.3437500000000001 -0.2706329386826370 0.0001892312526451
-0.3437500000000001 -0.1623797632095822 0.0012339427704121
-0.3125000000000001 -0.2165063509461096 0.0012339427704121
-0.4375000000000001 -0.2165063509461096 0.0000290195524754
-0.4062500000000001 -0.2706329386826370 0.0000290195524754
-0.5937500000000000 0.1623797632095823 0.0000001046608482
-0.6562500000000000 0.2706329386826372 0.0000000007051992
-0.6562500000000000 0.1623797632095823 0.0000000045984767
-0.6875000000000000 0.2165063509461098 0.0000000003774660
-0.5625000000000000 0.2165063509461097 0.0000001955322065
-0.5937500000000000 0.2706329386826372 0.0000000160502609
-0.5937500000000000 -0.1623797632095822 0.0000001046608482
-0.6562500000000002 -0.2706329386826370 0.0000000007051992
-0.6562500000000000 -0.1623797632095821 0.0000000045984767
-0.6875000000000001 -0.2165063509461095 0.0000000003774660
-0.5625000000000001 -0.2165063509461096 0.0000001955322065
-0.5937500000000002 -0.2706329386826370 0.0000000160502609
-0.0625000000000001 -0.4330127018922193 0.0001892312526451
0.0625000000000000 -0.4330127018922193 0.0001892312526451
-0.0312500000000001 -0.3788861141556918 0.0012339427704121
0.0312499999999999 -0.3788861141556919 0.0012339427704121
-0.0312500000000001 -0.4871392896287467 0.0000290195524754
0.0312499999999999 -0.4871392896287467 0.0000290195524754
-0.4375000000000002 -0.4330127018922192 0.0000001046608482
-0.5625000000000002 -0.4330127018922192 0.0000000007051992
-0.4687500000000002 -0.4871392896287466 0.0000000045984767
-0.5312500000000002 -0.4871392896287466 0.0000000003774660
-0.4687500000000002 -0.3788861141556918 0.0000001955322065
-0.5312500000000002 -0.3788861141556918 0.0000000160502609
-0.1562500000000002 -0.5953924651018014 0.0000001046608482
-0.0937500000000002 -0.7036456405748563 0.0000000007051992
-0.1875000000000002 -0.6495190528383289 0.0000000045984767
-0.1562500000000002 -0.7036456405748563 0.0000000003774660
-0.0937500000000002 -0.5953924651018014 0.0000001955322065
-0.0625000000000002 -0.6495190528383290 0.0000000160502609
0.4375000000000000 -0.4330127018922193 0.0000001046608482
0.5625000000000000 -0.4330127018922193 0.0000000007051992
0.4687500000000000 -0.4871392896287467 0.0000000045984767
0.5312500000000000 -0.4871392896287467 0.0000000003774660
0.4687500000000000 -0.3788861141556919 0.0000001955322065
0.5312500000000000 -0.3788861141556919 0.0000000160502609
0.1562500000000000 -0.5953924651018015 0.0000001046608482
0.0937499999999999 -0.7036456405748563 0.0000000007051992
0.1875000000000000 -0.6495190528383290 0.0000000045984767
0.1562499999999999 -0.7036456405748563 0.0000000003774660
0.0937499999999999 -0.5953924651018015 0.0000001955322065
0.0624999999999999 -0.6495190528383290 0.0000000160502609
0.0937500000000000 0.0541265877365274 0.2503136038418365
0.0937500000000000 -0.0541265877365274 0.2503136038418365
0.1562500000000000 0.0541265877365274 0.1339832171701179
0.1562500000000000 -0.0541265877365274 0.1339832171701179
0.0000000000000000 0.1082531754730548 0.2503136038418365
0.1250000000000000 0.1082531754730548 0.1339832171701179
0.0312500000000000 0.1623797632095823 0.1339832171701179
-0.0937500000000000 0.0541265877365274 0.2503136038418365
-0.0312500000000000 0.1623797632095823 0.1339832171701180
-0.1250000000000000 0.1082531754730549 0.1339832171701179
-0.0937500000000000 -0.0541265877365274 0.2503136038418364
-0.1562500000000000 0.0541265877365274 0.1339832171701179
-0.1562500000000000 -0.0541265877365274 0.1339832171701179
-0.0000000000000000 -0.1082531754730548 0.2503136038418365
-0.1250000000000001 -0.1082531754730548 0.1339832171701179
-0.0312500000000000 -0.1623797632095822 0.1339832171701180
0.1250000000000000 -0.1082531754730548 0.1339832171701179
0.0312500000000000 -0.1623797632095823 0.1339832171701179
0.8437500000000000 0.0541265877365274 0.0000000000001527
0.8437500000000000 -0.0541265877365274 0.0000000000001527
0.4687500000000001 0.7036456405748563 0.0000000000001527
0.3750000000000001 0.7577722283113838 0.0000000000001527
-0.3749999999999998 0.7577722283113839 0.0000000000001527
-0.4687499999999998 0.7036456405748565 0.0000000000001527
-0.8437500000000000 0.0541265877365275 0.0000000000001527
-0.8437500000000000 -0.0541265877365273 0.0000000000001527
-0.4687500000000003 -0.7036456405748562 0.0000000000001527
-0.3750000000000003 -0.7577722283113837 0.0000000000001527
0.4687500000000001 -0.7036456405748563 0.0000000000001527
0.3750000000000001 -0.7577722283113838 0.0000000000001527
0.4062500000000000 0.0541265877365274 0.0004832189318905
0.4062500000000000 -0.0541265877365274 0.0004832189318905
0.3437500000000000 0.0541265877365274 0.0031509832503773
0.3437500000000000 -0.0541265877365274 0.0031509832503773
0.5937500000000000 0.0541265877365274 0.0000002672608386
0.5937500000000000 -0.0541265877365274 0.0000002672608386
0.6562500000000000 0.0541265877365274 0.0000000117426217
0.6562500000000000 -0.0541265877365274 0.0000000117426217
0.5000000000000000 0.1082531754730548 0.0000113642200330
0.3750000000000000 0.1082531754730548 0.0009027718160592
0.4687500000000000 0.1623797632095823 0.0000212311581360
0.5000000000000000 -0.1082531754730548 0.0000113642200330
0.3750000000000000 -0.1082531754730548 0.0009027718160592
0.4687500000000000 -0.1623797632095823 0.0000212311581360
0.6250000000000000 0.1082531754730548 0.0000000409857770
0.5312500000000000 0.1623797632095823 0.0000017427595864
0.6250000000000000 -0.1082531754730548 0.0000000409857770
0.5312500000000000 -0.1623797632095823 0.0000017427595864
0.2500000000000000 0.3247595264191645 0.0004832189318905
0.1562500000000001 0.3788861141556919 0.0004832189318905
0.2187500000000000 0.2706329386826370 0.0031509832503773
0.1250000000000001 0.3247595264191645 0.0031509832503773
0.3437500000000001 0.4871392896287467 0.0000002672608386
0.2500000000000001 0.5412658773652741 0.0000002672608386
0.3750000000000001 0.5412658773652741 0.0000000117426217
0.2812500000000001 0.5953924651018015 0.0000000117426217
0.3437500000000000 0.3788861141556919 0.0000113642200330
0.2812500000000000 0.2706329386826370 0.0009027718160592
0.3750000000000000 0.3247595264191645 0.0000212311581360
0.1562500000000001 0.4871392896287467 0.0000113642200330
0.0937500000000001 0.3788861141556919 0.0009027718160592
0.0937500000000001 0.4871392896287467 0.0000212311581360
0.4062500000000000 0.4871392896287467 0.0000000409857770
0.4062500000000000 0.3788861141556919 0.0000017427595864
0.2187500000000001 0.5953924651018015 0.0000000409857770
0.1250000000000001 0.5412658773652741 0.0000017427595864
-0.1562499999999999 0.3788861141556919 0.0004832189318905
-0.2499999999999999 0.3247595264191645 0.0004832189318905
-0.1249999999999999 0.3247595264191645 0.0031509832503773
-0.2187499999999999 0.2706329386826371 0.0031509832503773
-0.2499999999999999 0.5412658773652742 0.0000002672608386
-0.3437499999999999 0.4871392896287468 0.0000002672608386
-0.2812499999999999 0.5953924651018017 0.0000000117426217
-0.3749999999999999 0.5412658773652742 0.0000000117426217
-0.1562499999999999 0.4871392896287468 0.0000113642200330
-0.0937499999999999 0.3788861141556919 0.0009027718160592
-0.0937499999999999 0.4871392896287467 0.0000212311581360
-0.3437499999999999 0.3788861141556920 0.0000113642200330
-0.2812499999999999 0.2706329386826371 0.0009027718160592
-0.3749999999999999 0.3247595264191645 0.0000212311581360
-0.2187499999999999 0.5953924651018017 0.0000000409857770
-0.1249999999999999 0.5412658773652741 0.0000017427595864
-0.4062499999999999 0.4871392896287468 0.0000000409857770
-0.4062499999999999 0.3788861141556920 0.0000017427595864
-0.4062500000000000 0.0541265877365275 0.0004832189318905
-0.4062500000000000 -0.0541265877365274 0.0004832189318905
-0.3437500000000000 0.0541265877365275 0.0031509832503773
-0.3437500000000000 -0.0541265877365274 0.0031509832503773
-0.5937500000000000 0.0541265877365275 0.0000002672608386
-0.5937500000000000 -0.0541265877365273 0.0000002672608386
-0.6562500000000000 0.0541265877365275 0.0000000117426217
-0.6562500000000000 -0.0541265877365273 0.0000000117426217
-0.5000000000000000 0.1082531754730549 0.0000113642200330
-0.3750000000000000 0.1082531754730549 0.0009027718160592
-0.4687500000000000 0.1623797632095823 0.0000212311581360
-0.5000000000000000 -0.1082531754730548 0.0000113642200330
-0.3750000000000001 -0.1082531754730548 0.0009027718160592
-0.4687500000000001 -0.1623797632095822 0.0000212311581360
-0.6250000000000000 0.1082531754730549 0.0000000409857770
-0.5312500000000000 0.1623797632095823 0.0000017427595864
-0.6250000000000000 -0.1082531754730547 0.0000000409857770
-0.5312500000000000 -0.1623797632095822 0.0000017427595864
-0.2500000000000002 -0.3247595264191644 0.0004832189318905
-0.1562500000000002 -0.3788861141556918 0.0004832189318905
-0.2187500000000001 -0.2706329386826370 0.0031509832503773
-0.1250000000000001 -0.3247595264191644 0.0031509832503773
-0.3437500000000002 -0.4871392896287466 0.0000002672608386
-0.2500000000000002 -0.5412658773652741 0.0000002672608386
-0.3750000000000003 -0.5412658773652741 0.0000000117426217
-0.2812500000000003 -0.5953924651018014 0.0000000117426217
-0.3437500000000002 -0.3788861141556918 0.0000113642200330
-0.2812500000000001 -0.2706329386826370 0.0009027718160592
-0.3750000000000002 -0.3247595264191644 0.0000212311581360
-0.1562500000000002 -0.4871392896287467 0.0000113642200330
-0.0937500000000001 -0.3788861141556918 0.0009027718160592
-0.0937500000000002 -0.4871392896287467 0.0000212311581360
-0.4062500000000002 -0.4871392896287466 0.0000000409857770
-0.4062500000000002 -0.3788861141556918 0.0000017427595864
-0.2187500000000002 -0.5953924651018014 0.0000000409857770
-0.1250000000000002 -0.5412658773652741 0.0000017427595864
0.2500000000000000 -0.3247595264191645 0.0004832189318905
0.1562500000000000 -0.3788861141556919 0.0004832189318905
0.2187500000000000 -0.2706329386826370 0.0031509832503773
0.1250000000000000 -0.3247595264191645 0.0031509832503773
0.3437500000000001 -0.4871392896287467 0.0000002672608386
0.2500000000000001 -0.5412658773652741 0.0000002672608386
0.3750000000000001 -0.5412658773652741 0.0000000117426217
0.2812500000000001 -0.5953924651018015 0.0000000117426217
0.3437500000000000 -0.3788861141556919 0.0000113642200330
0.2812500000000000 -0.2706329386826370 0.0009027718160592
0.3750000000000000 -0.3247595264191645 0.0000212311581360
0.1562500000000000 -0.4871392896287467 0.0000113642200330
0.0937500000000000 -0.3788861141556919 0.0009027718160592
0.0937500000000000 -0.4871392896287467 0.0000212311581360
0.4062500000000000 -0.4871392896287467 0.0000000409857770
0.4062500000000000 -0.3788861141556919 0.0000017427595864
0.2187500000000000 -0.5953924651018015 0.0000000409857770
0.1250000000000000 -0.5412658773652741 0.0000017427595864
0.6562500000000000 0.3788861141556919 0.0000000000423505
0.7187500000000000 0.2706329386826370 0.0000000000226686
0.6250000000000000 0.3247595264191645 0.0000000009638931
0.5937500000000000 0.4871392896287467 0.0000000000226686
0.5937500000000000 0.3788861141556919 0.0000000009638931
0.6562500000000000 -0.3788861141556919 0.0000000000423505
0.7187500000000000 -0.2706329386826370 0.0000000000226686
0.6250000000000000 -0.3247595264191645 0.0000000009638931
0.5937500000000000 -0.4871392896287467 0.0000000000226686
0.5937500000000000 -0.3788861141556919 0.0000000009638931
0.0000000000000001 0.7577722283113838 0.0000000000423505
0.1250000000000001 0.7577722283113838 0.0000000000226686
0.0312500000000001 0.7036456405748563 0.0000000009638931
-0.1249999999999998 0.7577722283113838 0.0000000000226686
-0.0312499999999999 0.7036456405748563 0.0000000009638931
-0.6562500000000000 0.3788861141556920 0.0000000000423505
-0.5937499999999998 0.4871392896287468 0.0000000000226686
-0.5937500000000000 0.3788861141556920 0.0000000009638931
-0.7187500000000000 0.2706329386826372 0.0000000000226686
-0.6250000000000000 0.3247595264191646 0.0000000009638931
-0.6562500000000002 -0.3788861141556918 0.0000000000423505
-0.7187500000000002 -0.2706329386826369 0.0000000000226686
-0.6250000000000002 -0.3247595264191644 0.0000000009638931
-0.5937500000000002 -0.4871392896287466 0.0000000000226686
-0.5937500000000002 -0.3788861141556918 0.0000000009638931
-0.0000000000000001 -0.7577722283113837 0.0000000000423505
-0.1250000000000002 -0.7577722283113837 0.0000000000226686
-0.0312500000000002 -0.7036456405748563 0.0000000009638931
0.1249999999999999 -0.7577722283113838 0.0000000000226686
0.0312499999999999 -0.7036456405748563 0.0000000009638931
0.2500000000000000 0.1082531754730548 0.0205469918269003
0.2187500000000000 0.1623797632095823 0.0205469918269003
0.2500000000000000 -0.1082531754730548 0.0205469918269003
0.2187500000000000 -0.1623797632095823 0.0205469918269003
0.2812500000000000 0.1623797632095823 0.0058868117194541
0.2812500000000000 -0.1623797632095823 0.0058868117194541
0.0312500000000000 0.2706329386826370 0.0205469918269003
-0.0312499999999999 0.2706329386826370 0.0205469918269003
0.0000000000000001 0.3247595264191645 0.0058868117194541
-0.2187499999999999 0.1623797632095823 0.0205469918269003
-0.2500000000000000 0.1082531754730549 0.0205469918269003
-0.2812500000000000 0.1623797632095823 0.0058868117194541
-0.2500000000000001 -0.1082531754730548 0.0205469918269003
-0.2187500000000001 -0.1623797632095822 0.0205469918269003
-0.2812500000000001 -0.1623797632095822 0.0058868117194540
-0.0312500000000001 -0.2706329386826370 0.0205469918269003
0.0312500000000000 -0.2706329386826370 0.0205469918269003
-0.0000000000000001 -0.3247595264191645 0.0058868117194541
0.7500000000000000 0.1082531754730548 0.0000000000423505
0.7812500000000000 0.1623797632095823 0.0000000000034763
0.7500000000000000 -0.1082531754730548 0.0000000000423505
0.7812500000000000 -0.1623797632095823 0.0000000000034763
0.7187500000000000 0.1623797632095823 0.0000000001478178
0.7187500000000000 -0.1623797632095823 0.0000000001478178
0.4687500000000000 0.5953924651018015 0.0000000000423505
0.5312500000000000 0.5953924651018015 0.0000000000034763
0.2812500000000001 0.7036456405748563 0.0000000000423505
0.2500000000000001 0.7577722283113838 0.0000000000034763
0.5000000000000000 0.5412658773652741 0.0000000001478178
0.2187500000000001 0.7036456405748563 0.0000000001478178
-0.2812499999999998 0.7036456405748563 0.0000000000423505
-0.2499999999999998 0.7577722283113838 0.0000000000034763
-0.4687499999999998 0.5953924651018017 0.0000000000423505
-0.5312499999999998 0.5953924651018017 0.0000000000034763
-0.2187499999999998 0.7036456405748563 0.0000000001478178
-0.4999999999999998 0.5412658773652742 0.0000000001478178
-0.7500000000000000 0.1082531754730549 0.0000000000423505
-0.7812500000000000 0.1623797632095823 0.0000000000034763
-0.7500000000000000 -0.1082531754730547 0.0000000000423505
-0.7812500000000000 -0.1623797632095821 0.0000000000034763
-0.7187500000000000 0.1623797632095823 0.0000000001478178
-0.7187500000000000 -0.1623797632095821 0.0000000001478178
-0.4687500000000003 -0.5953924651018014 0.0000000000423505
-0.5312500000000002 -0.5953924651018014 0.0000000000034763
-0.2812500000000003 -0.7036456405748563 0.0000000000423505
-0.2500000000000003 -0.7577722283113837 0.0000000000034763
-0.5000000000000002 -0.5412658773652741 0.0000000001478178
-0.2187500000000003 -0.7036456405748563 0.0000000001478178
0.4687500000000000 -0.5953924651018015 0.0000000000423505
0.5312500000000000 -0.5953924651018015 0.0000000000034763
0.2812500000000000 -0.7036456405748563 0.0000000000423505
0.2500000000000000 -0.7577722283113838 0.0000000000034763
0.5000000000000000 -0.5412658773652741 0.0000000001478178
0.2187500000000000 -0.7036456405748563 0.0000000001478178
0.4687500000000000 0.2706329386826370 0.0000032559035520
0.5312500000000000 0.2706329386826370 0.0000002672608386
0.5000000000000000 0.3247595264191645 0.0000002672608386
0.4687500000000000 -0.2706329386826370 0.0000032559035520
0.5312500000000000 -0.2706329386826370 0.0000002672608386
0.5000000000000000 -0.3247595264191645 0.0000002672608386
0.0000000000000001 0.5412658773652741 0.0000032559035520
0.0312500000000001 0.5953924651018015 0.0000002672608386
-0.0312499999999999 0.5953924651018015 0.0000002672608386
-0.4687499999999999 0.2706329386826372 0.0000032559035520
-0.4999999999999999 0.3247595264191646 0.0000002672608386
-0.5312500000000000 0.2706329386826372 0.0000002672608386
-0.4687500000000001 -0.2706329386826370 0.0000032559035520
-0.5312500000000002 -0.2706329386826370 0.0000002672608386
-0.5000000000000002 -0.3247595264191644 0.0000002672608386
-0.0000000000000001 -0.5412658773652741 0.0000032559035520
-0.0312500000000001 -0.5953924651018015 0.0000002672608386
0.0312499999999999 -0.5953924651018015 0.0000002672608386
