1.0000000000000000 0.0000000000000000 0.0000000000000000
0.5000000000000001 0.8660254037844386 0.0000000000000000
-0.4999999999999998 0.8660254037844387 0.0000000000000000
-1.0000000000000000 0.0000000000000001 0.0000000000000000
-0.5000000000000004 -0.8660254037844385 0.0000000000000000
0.5000000000000001 -0.8660254037844386 0.0000000000000000
0.7500000000000000 0.4330127018922193 0.0000000000000374
0.7500000000000000 -0.4330127018922193 0.0000000000000374
0.0000000000000002 0.8660254037844386 0.0000000000000374
-0.7499999999999999 0.4330127018922194 0.0000000000000374
-0.7500000000000002 -0.4330127018922192 0.0000000000000374
-0.0000000000000002 -0.8660254037844386 0.0000000000000374
0.8750000000000000 0.2165063509461096 0.0000000000000031
0.8750000000000000 -0.2165063509461096 0.0000000000000031
0.6250000000000000 0.6495190528383290 0.0000000000000031
0.2500000000000001 0.8660254037844386 0.0000000000000031
-0.2499999999999998 0.8660254037844386 0.0000000000000031
-0.6249999999999998 0.6495190528383290 0.0000000000000031
-0.8750000000000000 0.2165063509461098 0.0000000000000031
-0.8750000000000001 -0.2165063509461095 0.0000000000000031
-0.6250000000000003 -0.6495190528383288 0.0000000000000031
-0.2500000000000003 -0.8660254037844386 0.0000000000000031
0.6250000000000000 -0.6495190528383290 0.0000000000000031
0.2500000000000000 -0.8660254037844386 0.0000000000000031
0.9375000000000000 0.1082531754730548 0.0000000000000001
0.9375000000000000 -0.1082531754730548 0.0000000000000001
0.5625000000000000 0.7577722283113838 0.0000000000000001
0.3750000000000001 0.8660254037844386 0.0000000000000001
-0.3749999999999998 0.8660254037844386 0.0000000000000001
-0.5624999999999998 0.7577722283113839 0.0000000000000001
-0.9375000000000000 0.1082531754730549 0.0000000000000001
-0.9375000000000000 -0.1082531754730547 0.0000000000000001
-0.5625000000000004 -0.7577722283113837 0.0000000000000001
-0.3750000000000004 -0.8660254037844386 0.0000000000000001
0.5625000000000000 -0.7577722283113838 0.0000000000000001
0.3750000000000001 -0.8660254037844386 0.0000000000000001
0.8125000000000000 0.3247595264191645 0.0000000000000200
0.6875000000000000 0.5412658773652741 0.0000000000000200
0.8125000000000000 -0.3247595264191645 0.0000000000000200
0.6875000000000000 -0.5412658773652741 0.0000000000000200
0.1250000000000001 0.8660254037844386 0.0000000000000200
-0.1249999999999998 0.8660254037844386 0.0000000000000200
-0.6874999999999998 0.5412658773652742 0.0000000000000200
-0.8125000000000000 0.3247595264191646 0.0000000000000200
-0.8125000000000002 -0.3247595264191644 0.0000000000000200
-0.6875000000000002 -0.5412658773652740 0.0000000000000200
-0.1250000000000002 -0.8660254037844386 0.0000000000000200
0.1249999999999999 -0.8660254037844386 0.0000000000000200
0.9687500000000000 0.0541265877365274 0.0000000000000000
0.9687500000000000 -0.0541265877365274 0.0000000000000000
0.5312500000000000 0.8118988160479113 0.0000000000000000
0.4375000000000001 0.8660254037844386 0.0000000000000000
-0.4374999999999998 0.8660254037844386 0.0000000000000000
-0.5312499999999998 0.8118988160479113 0.0000000000000000
-0.9687500000000000 0.0541265877365275 0.0000000000000000
-0.9687500000000000 -0.0541265877365273 0.0000000000000000
-0.5312500000000004 -0.8118988160479110 0.0000000000000000
-0.4375000000000004 -0.8660254037844386 0.0000000000000000
0.5312500000000000 -0.8118988160479113 0.0000000000000000
0.4375000000000001 -0.8660254037844386 0.0000000000000000
0.7812500000000000 0.3788861141556919 0.0000000000000320
0.7187500000000000 0.4871392896287467 0.0000000000000320
0.7812500000000000 -0.3788861141556919 0.0000000000000320
0.7187500000000000 -0.4871392896287467 0.0000000000000320
0.0625000000000002 0.8660254037844386 0.0000000000000320
-0.0624999999999998 0.8660254037844386 0.0000000000000320
-0.7187499999999998 0.4871392896287468 0.0000000000000320
-0.7812500000000000 0.3788861141556920 0.0000000000000320
-0.7812500000000002 -0.3788861141556918 0.0000000000000320
-0.7187500000000002 -0.4871392896287466 0.0000000000000320
-0.0625000000000002 -0.8660254037844386 0.0000000000000320
0.0624999999999999 -0.8660254037844386 0.0000000000000320
0.9062500000000000 0.1623797632095823 0.0000000000000008
0.8437500000000000 0.2706329386826370 0.0000000000000092
0.9062500000000000 -0.1623797632095823 0.0000000000000008
0.8437500000000000 -0.2706329386826370 0.0000000000000092
0.5937500000000000 0.7036456405748563 0.0000000000000008
0.6562500000000000 0.5953924651018015 0.0000000000000092
0.3125000000000001 0.8660254037844386 0.0000000000000008
0.1875000000000001 0.8660254037844386 0.0000000000000092
-0.3124999999999998 0.8660254037844386 0.0000000000000008
-0.1874999999999998 0.8660254037844386 0.0000000000000092
-0.5937499999999998 0.7036456405748565 0.0000000000000008
-0.6562499999999998 0.5953924651018017 0.0000000000000092
-0.9062500000000000 0.1623797632095824 0.0000000000000008
-0.8437500000000000 0.2706329386826372 0.0000000000000092
-0.9062500000000000 -0.1623797632095821 0.0000000000000008
-0.8437500000000002 -0.2706329386826369 0.0000000000000092
-0.5937500000000004 -0.7036456405748562 0.0000000000000008
-0.6562500000000002 -0.5953924651018014 0.0000000000000092
-0.3125000000000003 -0.8660254037844386 0.0000000000000008
-0.1875000000000003 -0.8660254037844386 0.0000000000000092
0.5937500000000000 -0.7036456405748563 0.0000000000000008
0.6562500000000000 -0.5953924651018015 0.0000000000000092
0.3125000000000000 -0.8660254037844386 0.0000000000000008
0.1874999999999999 -0.8660254037844386 0.0000000000000092
0.9843750000000000 0.0270632938682637 0.0000000000000000
0.9843750000000000 -0.0270632938682637 0.0000000000000000
0.5156250000000000 0.8389621099161749 0.0000000000000000
0.4687500000000001 0.8660254037844386 0.0000000000000000
-0.4687499999999998 0.8660254037844386 0.0000000000000000
-0.5156249999999998 0.8389621099161750 0.0000000000000000
-0.9843750000000000 0.0270632938682638 0.0000000000000000
-0.9843750000000000 -0.0270632938682636 0.0000000000000000
-0.5156250000000004 -0.8389621099161748 0.0000000000000000
-0.4687500000000004 -0.8660254037844386 0.0000000000000000
0.5156250000000000 -0.8389621099161749 0.0000000000000000
0.4687500000000001 -0.8660254037844386 0.0000000000000000
0.7656250000000000 0.4059494080239556 0.0000000000000360
0.7343750000000000 0.4600759957604830 0.0000000000000360
0.7656250000000000 -0.4059494080239556 0.0000000000000360
0.7343750000000000 -0.4600759957604830 0.0000000000000360
0.0312500000000002 0.8660254037844386 0.0000000000000360
-0.0312499999999998 0.8660254037844386 0.0000000000000360
-0.7343749999999998 0.4600759957604831 0.0000000000000360
-0.7656250000000000 0.4059494080239557 0.0000000000000360
-0.7656250000000002 -0.4059494080239555 0.0000000000000360
-0.7343750000000002 -0.4600759957604829 0.0000000000000360
-0.0312500000000002 -0.8660254037844386 0.0000000000000360
0.0312499999999999 -0.8660254037844386 0.0000000000000360
0.8906250000000000 0.1894430570778459 0.0000000000000016
0.8593750000000000 0.2435696448143733 0.0000000000000055
0.8906250000000000 -0.1894430570778459 0.0000000000000016
0.8593750000000000 -0.2435696448143733 0.0000000000000055
0.6093750000000000 0.6765823467065927 0.0000000000000016
0.6406250000000000 0.6224557589700652 0.0000000000000055
0.2812500000000001 0.8660254037844386 0.0000000000000016
0.2187500000000001 0.8660254037844386 0.0000000000000055
-0.2812499999999998 0.8660254037844386 0.0000000000000016
-0.2187499999999998 0.8660254037844386 0.0000000000000055
-0.6093749999999998 0.6765823467065928 0.0000000000000016
-0.6406249999999998 0.6224557589700653 0.0000000000000055
-0.8906250000000000 0.1894430570778461 0.0000000000000016
-0.8593750000000000 0.2435696448143735 0.0000000000000055
-0.8906250000000000 -0.1894430570778458 0.0000000000000016
-0.8593750000000002 -0.2435696448143732 0.0000000000000055
-0.6093750000000004 -0.6765823467065926 0.0000000000000016
-0.6406250000000002 -0.6224557589700651 0.0000000000000055
-0.2812500000000003 -0.8660254037844386 0.0000000000000016
-0.2187500000000003 -0.8660254037844386 0.0000000000000055
0.6093750000000000 -0.6765823467065927 0.0000000000000016
0.6406250000000000 -0.6224557589700652 0.0000000000000055
0.2812500000000000 -0.8660254037844386 0.0000000000000016
0.2187499999999999 -0.8660254037844386 0.0000000000000055
0.9531250000000000 0.0811898816047911 0.0000000000000001
0.9218750000000000 0.1353164693413185 0.0000000000000003
0.9531250000000000 -0.0811898816047911 0.0000000000000001
0.9218750000000000 -0.1353164693413185 0.0000000000000003
0.5468750000000000 0.7848355221796475 0.0000000000000001
0.5781250000000000 0.7307089344431201 0.0000000000000003
0.4062500000000001 0.8660254037844386 0.0000000000000001
0.3437500000000001 0.8660254037844386 0.0000000000000003
-0.4062499999999998 0.8660254037844386 0.0000000000000001
-0.3437499999999998 0.8660254037844386 0.0000000000000003
-0.5468749999999998 0.7848355221796476 0.0000000000000001
-0.5781249999999998 0.7307089344431201 0.0000000000000003
-0.9531250000000000 0.0811898816047912 0.0000000000000001
-0.9218750000000000 0.1353164693413186 0.0000000000000003
-0.9531250000000000 -0.0811898816047910 0.0000000000000001
-0.9218750000000000 -0.1353164693413184 0.0000000000000003
-0.5468750000000004 -0.7848355221796474 0.0000000000000001
-0.5781250000000004 -0.7307089344431199 0.0000000000000003
-0.4062500000000004 -0.8660254037844386 0.0000000000000001
-0.3437500000000003 -0.8660254037844386 0.0000000000000003
0.5468750000000000 -0.7848355221796475 0.0000000000000001
0.5781250000000000 -0.7307089344431201 0.0000000000000003
0.4062500000000001 -0.8660254037844386 0.0000000000000001
0.3437500000000000 -0.8660254037844386 0.0000000000000003
0.7968750000000000 0.3518228202874282 0.0000000000000263
0.8281250000000000 0.2976962325509008 0.0000000000000141
0.7031250000000000 0.5142025834970104 0.0000000000000263
0.6718750000000000 0.5683291712335379 0.0000000000000141
0.7968750000000000 -0.3518228202874282 0.0000000000000263
0.8281250000000000 -0.2976962325509008 0.0000000000000141
0.7031250000000000 -0.5142025834970104 0.0000000000000263
0.6718750000000000 -0.5683291712335379 0.0000000000000141
0.0937500000000001 0.8660254037844386 0.0000000000000263
0.1562500000000001 0.8660254037844386 0.0000000000000141
-0.0937499999999998 0.8660254037844386 0.0000000000000263
-0.1562499999999998 0.8660254037844386 0.0000000000000141
-0.7031249999999998 0.5142025834970105 0.0000000000000263
-0.6718749999999998 0.5683291712335379 0.0000000000000141
-0.7968750000000000 0.3518228202874283 0.0000000000000263
-0.8281250000000000 0.2976962325509009 0.0000000000000141
-0.7968750000000002 -0.3518228202874281 0.0000000000000263
-0.8281250000000002 -0.2976962325509007 0.0000000000000141
-0.7031250000000002 -0.5142025834970103 0.0000000000000263
-0.6718750000000002 -0.5683291712335377 0.0000000000000141
-0.0937500000000002 -0.8660254037844386 0.0000000000000263
-0.1562500000000003 -0.8660254037844386 0.0000000000000141
0.0937499999999999 -0.8660254037844386 0.0000000000000263
0.1562499999999999 -0.8660254037844386 0.0000000000000141
0.9921875000000000 0.0135316469341319 0.0000000000000000
0.9921875000000000 -0.0135316469341319 0.0000000000000000
0.5078125000000000 0.8524937568503068 0.0000000000000000
0.4843750000000001 0.8660254037844386 0.0000000000000000
-0.4843749999999998 0.8660254037844386 0.0000000000000000
-0.5078124999999998 0.8524937568503068 0.0000000000000000
-0.9921875000000000 0.0135316469341320 0.0000000000000000
-0.9921875000000000 -0.0135316469341317 0.0000000000000000
-0.5078125000000004 -0.8524937568503066 0.0000000000000000
-0.4843750000000004 -0.8660254037844386 0.0000000000000000
0.5078125000000000 -0.8524937568503068 0.0000000000000000
0.4843750000000001 -0.8660254037844386 0.0000000000000000
0.7578125000000000 0.4194810549580875 0.0000000000000371
0.7421875000000000 0.4465443488263511 0.0000000000000371
0.7578125000000000 -0.4194810549580875 0.0000000000000371
0.7421875000000000 -0.4465443488263511 0.0000000000000371
0.0156250000000002 0.8660254037844386 0.0000000000000371
-0.0156249999999998 0.8660254037844386 0.0000000000000371
-0.7421874999999998 0.4465443488263512 0.0000000000000371
-0.7578125000000000 0.4194810549580876 0.0000000000000371
-0.7578125000000002 -0.4194810549580874 0.0000000000000371
-0.7421875000000002 -0.4465443488263510 0.0000000000000371
-0.0156250000000002 -0.8660254037844386 0.0000000000000371
0.0156249999999998 -0.8660254037844386 0.0000000000000371
0.8828125000000000 0.2029747040119778 0.0000000000000022
0.8671875000000000 0.2300379978802415 0.0000000000000042
0.8828125000000000 -0.2029747040119778 0.0000000000000022
0.8671875000000000 -0.2300379978802415 0.0000000000000042
0.6171875000000000 0.6630506997724608 0.0000000000000022
0.6328125000000000 0.6359874059041971 0.0000000000000042
0.2656250000000001 0.8660254037844386 0.0000000000000022
0.2343750000000001 0.8660254037844386 0.0000000000000042
-0.2656249999999998 0.8660254037844386 0.0000000000000022
-0.2343749999999998 0.8660254037844386 0.0000000000000042
-0.6171874999999998 0.6630506997724609 0.0000000000000022
-0.6328124999999998 0.6359874059041972 0.0000000000000042
-0.8828125000000000 0.2029747040119779 0.0000000000000022
-0.8671875000000000 0.2300379978802416 0.0000000000000042
-0.8828125000000000 -0.2029747040119777 0.0000000000000022
-0.8671875000000002 -0.2300379978802414 0.0000000000000042
-0.6171875000000004 -0.6630506997724607 0.0000000000000022
-0.6328125000000002 -0.6359874059041970 0.0000000000000042
-0.2656250000000003 -0.8660254037844386 0.0000000000000022
-0.2343750000000003 -0.8660254037844386 0.0000000000000042
0.6171875000000000 -0.6630506997724608 0.0000000000000022
0.6328125000000000 -0.6359874059041971 0.0000000000000042
0.2656250000000000 -0.8660254037844386 0.0000000000000022
0.2343749999999999 -0.8660254037844386 0.0000000000000042
0.9453125000000000 0.0947215285389230 0.0000000000000001
0.9296875000000000 0.1217848224071867 0.0000000000000002
0.9453125000000000 -0.0947215285389230 0.0000000000000001
0.9296875000000000 -0.1217848224071867 0.0000000000000002
0.5546875000000000 0.7713038752455157 0.0000000000000001
0.5703125000000000 0.7442405813772519 0.0000000000000002
0.3906250000000001 0.8660254037844386 0.0000000000000001
0.3593750000000001 0.8660254037844386 0.0000000000000002
-0.3906249999999998 0.8660254037844386 0.0000000000000001
-0.3593749999999998 0.8660254037844386 0.0000000000000002
-0.5546874999999998 0.7713038752455157 0.0000000000000001
-0.5703124999999998 0.7442405813772520 0.0000000000000002
-0.9453125000000000 0.0947215285389231 0.0000000000000001
-0.9296875000000000 0.1217848224071868 0.0000000000000002
-0.9453125000000000 -0.0947215285389229 0.0000000000000001
-0.9296875000000000 -0.1217848224071866 0.0000000000000002
-0.5546875000000004 -0.7713038752455155 0.0000000000000001
-0.5703125000000004 -0.7442405813772518 0.0000000000000002
-0.3906250000000004 -0.8660254037844386 0.0000000000000001
-0.3593750000000003 -0.8660254037844386 0.0000000000000002
0.5546875000000000 -0.7713038752455157 0.0000000000000001
0.5703125000000000 -0.7442405813772519 0.0000000000000002
0.3906250000000001 -0.8660254037844386 0.0000000000000001
0.3593750000000000 -0.8660254037844386 0.0000000000000002
0.8046875000000000 0.3382911733532963 0.0000000000000232
0.8203125000000000 0.3112278794850326 0.0000000000000170
0.6953125000000000 0.5277342304311423 0.0000000000000232
0.6796875000000000 0.5547975242994060 0.0000000000000170
0.8046875000000000 -0.3382911733532963 0.0000000000000232
0.8203125000000000 -0.3112278794850326 0.0000000000000170
0.6953125000000000 -0.5277342304311423 0.0000000000000232
0.6796875000000000 -0.5547975242994060 0.0000000000000170
0.1093750000000001 0.8660254037844386 0.0000000000000232
0.1406250000000001 0.8660254037844386 0.0000000000000170
-0.1093749999999998 0.8660254037844386 0.0000000000000232
-0.1406249999999998 0.8660254037844386 0.0000000000000170
-0.6953124999999998 0.5277342304311423 0.0000000000000232
-0.6796874999999998 0.5547975242994061 0.0000000000000170
-0.8046875000000000 0.3382911733532964 0.0000000000000232
-0.8203125000000000 0.3112278794850327 0.0000000000000170
-0.8046875000000002 -0.3382911733532962 0.0000000000000232
-0.8203125000000002 -0.3112278794850325 0.0000000000000170
-0.6953125000000002 -0.5277342304311421 0.0000000000000232
-0.6796875000000002 -0.5547975242994059 0.0000000000000170
-0.1093750000000002 -0.8660254037844386 0.0000000000000232
-0.1406250000000003 -0.8660254037844386 0.0000000000000170
0.1093749999999999 -0.8660254037844386 0.0000000000000232
0.1406249999999999 -0.8660254037844386 0.0000000000000170
0.9765625000000000 0.0405949408023956 0.0000000000000000
0.9609375000000000 0.0676582346706593 0.0000000000000000
0.9765625000000000 -0.0405949408023956 0.0000000000000000
0.9609375000000000 -0.0676582346706593 0.0000000000000000
0.5234375000000000 0.8254304629820430 0.0000000000000000
0.5390625000000000 0.7983671691137794 0.0000000000000000
0.4531250000000001 0.8660254037844386 0.0000000000000000
0.4218750000000001 0.8660254037844386 0.0000000000000000
-0.4531249999999998 0.8660254037844386 0.0000000000000000
-0.4218749999999998 0.8660254037844386 0.0000000000000000
-0.5234374999999998 0.8254304629820431 0.0000000000000000
-0.5390624999999998 0.7983671691137795 0.0000000000000000
-0.9765625000000000 0.0405949408023957 0.0000000000000000
-0.9609375000000000 0.0676582346706594 0.0000000000000000
-0.9765625000000000 -0.0405949408023954 0.0000000000000000
-0.9609375000000000 -0.0676582346706592 0.0000000000000000
-0.5234375000000004 -0.8254304629820429 0.0000000000000000
-0.5390625000000004 -0.7983671691137793 0.0000000000000000
-0.4531250000000004 -0.8660254037844386 0.0000000000000000
-0.4218750000000004 -0.8660254037844386 0.0000000000000000
0.5234375000000000 -0.8254304629820430 0.0000000000000000
0.5390625000000000 -0.7983671691137794 0.0000000000000000
0.4531250000000001 -0.8660254037844386 0.0000000000000000
0.4218750000000001 -0.8660254037844386 0.0000000000000000
0.7734375000000000 0.3924177610898237 0.0000000000000343
0.7890625000000000 0.3653544672215601 0.0000000000000293
0.7265625000000000 0.4736076426946149 0.0000000000000343
0.7109375000000000 0.5006709365628785 0.0000000000000293
0.7734375000000000 -0.3924177610898237 0.0000000000000343
0.7890625000000000 -0.3653544672215601 0.0000000000000293
0.7265625000000000 -0.4736076426946149 0.0000000000000343
0.7109375000000000 -0.5006709365628785 0.0000000000000293
0.0468750000000002 0.8660254037844386 0.0000000000000343
0.0781250000000001 0.8660254037844386 0.0000000000000293
-0.0468749999999998 0.8660254037844386 0.0000000000000343
-0.0781249999999998 0.8660254037844386 0.0000000000000293
-0.7265624999999998 0.4736076426946150 0.0000000000000343
-0.7109374999999998 0.5006709365628786 0.0000000000000293
-0.7734375000000000 0.3924177610898238 0.0000000000000343
-0.7890625000000000 0.3653544672215602 0.0000000000000293
-0.7734375000000002 -0.3924177610898236 0.0000000000000343
-0.7890625000000002 -0.3653544672215600 0.0000000000000293
-0.7265625000000002 -0.4736076426946147 0.0000000000000343
-0.7109375000000002 -0.5006709365628784 0.0000000000000293
-0.0468750000000002 -0.8660254037844386 0.0000000000000343
-0.0781250000000002 -0.8660254037844386 0.0000000000000293
0.0468749999999999 -0.8660254037844386 0.0000000000000343
0.0781249999999999 -0.8660254037844386 0.0000000000000293
0.8984375000000000 0.1759114101437141 0.0000000000000011
0.9140625000000000 0.1488481162754504 0.0000000000000005
0.8515625000000000 0.2571012917485052 0.0000000000000072
0.8359375000000000 0.2841645856167689 0.0000000000000115
0.8984375000000000 -0.1759114101437141 0.0000000000000011
0.9140625000000000 -0.1488481162754504 0.0000000000000005
0.8515625000000000 -0.2571012917485052 0.0000000000000072
0.8359375000000000 -0.2841645856167689 0.0000000000000115
0.6015625000000000 0.6901139936407246 0.0000000000000011
0.5859375000000000 0.7171772875089882 0.0000000000000005
0.6484375000000000 0.6089241120359334 0.0000000000000072
0.6640625000000000 0.5818608181676697 0.0000000000000115
0.2968750000000001 0.8660254037844386 0.0000000000000011
0.3281250000000001 0.8660254037844386 0.0000000000000005
0.2031250000000001 0.8660254037844386 0.0000000000000072
0.1718750000000001 0.8660254037844386 0.0000000000000115
-0.2968749999999998 0.8660254037844386 0.0000000000000011
-0.3281249999999998 0.8660254037844386 0.0000000000000005
-0.2031249999999998 0.8660254037844386 0.0000000000000072
-0.1718749999999998 0.8660254037844386 0.0000000000000115
-0.6015624999999998 0.6901139936407246 0.0000000000000011
-0.5859374999999998 0.7171772875089883 0.0000000000000005
-0.6484374999999998 0.6089241120359334 0.0000000000000072
-0.6640624999999998 0.5818608181676698 0.0000000000000115
-0.8984375000000000 0.1759114101437142 0.0000000000000011
-0.9140625000000000 0.1488481162754505 0.0000000000000005
-0.8515625000000000 0.2571012917485053 0.0000000000000072
-0.8359375000000000 0.2841645856167690 0.0000000000000115
-0.8984375000000000 -0.1759114101437140 0.0000000000000011
-0.9140625000000000 -0.1488481162754503 0.0000000000000005
-0.8515625000000002 -0.2571012917485051 0.0000000000000072
-0.8359375000000002 -0.2841645856167688 0.0000000000000115
-0.6015625000000004 -0.6901139936407243 0.0000000000000011
-0.5859375000000004 -0.7171772875089881 0.0000000000000005
-0.6484375000000002 -0.6089241120359332 0.0000000000000072
-0.6640625000000002 -0.5818608181676695 0.0000000000000115
-0.2968750000000003 -0.8660254037844386 0.0000000000000011
-0.3281250000000003 -0.8660254037844386 0.0000000000000005
-0.2031250000000003 -0.8660254037844386 0.0000000000000072
-0.1718750000000003 -0.8660254037844386 0.0000000000000115
0.6015625000000000 -0.6901139936407246 0.0000000000000011
0.5859375000000000 -0.7171772875089882 0.0000000000000005
0.6484375000000000 -0.6089241120359334 0.0000000000000072
0.6640625000000000 -0.5818608181676697 0.0000000000000115
0.2968750000000000 -0.8660254037844386 0.0000000000000011
0.3281250000000000 -0.8660254037844386 0.0000000000000005
0.2031249999999999 -0.8660254037844386 0.0000000000000072
0.1718749999999999 -0.8660254037844386 0.0000000000000115
0.9843750000000000 0.0000000000000000 0.0000000000000000
0.4921875000000001 0.8524937568503068 0.0000000000000000
-0.4921874999999998 0.8524937568503068 0.0000000000000000
-0.9843750000000000 0.0000000000000001 0.0000000000000000
-0.4921875000000004 -0.8524937568503066 0.0000000000000000
0.4921875000000001 -0.8524937568503068 0.0000000000000000
0.7421875000000000 0.4194810549580875 0.0000000000000947
0.7343750000000000 0.4330127018922193 0.0000000000000947
0.7421875000000000 -0.4194810549580875 0.0000000000000947
0.7343750000000000 -0.4330127018922193 0.0000000000000947
0.0078125000000002 0.8524937568503068 0.0000000000000947
-0.0078124999999998 0.8524937568503068 0.0000000000000947
-0.7343749999999999 0.4330127018922194 0.0000000000000947
-0.7421875000000000 0.4194810549580875 0.0000000000000947
-0.7421875000000002 -0.4194810549580874 0.0000000000000947
-0.7343750000000002 -0.4330127018922192 0.0000000000000947
-0.0078125000000002 -0.8524937568503067 0.0000000000000947
0.0078124999999998 -0.8524937568503068 0.0000000000000947
0.8671875000000000 0.2029747040119778 0.0000000000000066
0.8593750000000000 0.2165063509461096 0.0000000000000091
0.8671875000000000 -0.2029747040119778 0.0000000000000066
0.8593750000000000 -0.2165063509461096 0.0000000000000091
0.6093750000000000 0.6495190528383290 0.0000000000000066
0.6171875000000000 0.6359874059041971 0.0000000000000091
0.2578125000000001 0.8524937568503068 0.0000000000000066
0.2421875000000001 0.8524937568503068 0.0000000000000091
-0.2578124999999998 0.8524937568503068 0.0000000000000066
-0.2421874999999998 0.8524937568503068 0.0000000000000091
-0.6093749999999998 0.6495190528383290 0.0000000000000066
-0.6171874999999998 0.6359874059041972 0.0000000000000091
-0.8671875000000000 0.2029747040119779 0.0000000000000066
-0.8593750000000000 0.2165063509461098 0.0000000000000091
-0.8671875000000000 -0.2029747040119777 0.0000000000000066
-0.8593750000000001 -0.2165063509461095 0.0000000000000091
-0.6093750000000003 -0.6495190528383288 0.0000000000000066
-0.6171875000000002 -0.6359874059041970 0.0000000000000091
-0.2578125000000003 -0.8524937568503067 0.0000000000000066
-0.2421875000000003 -0.8524937568503067 0.0000000000000091
0.6093750000000000 -0.6495190528383290 0.0000000000000066
0.6171875000000000 -0.6359874059041971 0.0000000000000091
0.2578125000000000 -0.8524937568503068 0.0000000000000066
0.2421874999999999 -0.8524937568503068 0.0000000000000091
0.9296875000000000 0.0947215285389230 0.0000000000000003
0.9218750000000000 0.1082531754730548 0.0000000000000004
0.9296875000000000 -0.0947215285389230 0.0000000000000003
0.9218750000000000 -0.1082531754730548 0.0000000000000004
0.5468750000000000 0.7577722283113838 0.0000000000000003
0.5546875000000000 0.7442405813772519 0.0000000000000004
0.3828125000000001 0.8524937568503068 0.0000000000000003
0.3671875000000001 0.8524937568503068 0.0000000000000004
-0.3828124999999998 0.8524937568503068 0.0000000000000003
-0.3671874999999998 0.8524937568503068 0.0000000000000004
-0.5468749999999998 0.7577722283113839 0.0000000000000003
-0.5546874999999998 0.7442405813772520 0.0000000000000004
-0.9296875000000000 0.0947215285389231 0.0000000000000003
-0.9218750000000000 0.1082531754730549 0.0000000000000004
-0.9296875000000000 -0.0947215285389229 0.0000000000000003
-0.9218750000000000 -0.1082531754730547 0.0000000000000004
-0.5468750000000004 -0.7577722283113837 0.0000000000000003
-0.5546875000000004 -0.7442405813772518 0.0000000000000004
-0.3828125000000004 -0.8524937568503067 0.0000000000000003
-0.3671875000000003 -0.8524937568503067 0.0000000000000004
0.5468750000000000 -0.7577722283113838 0.0000000000000003
0.5546875000000000 -0.7442405813772519 0.0000000000000004
0.3828125000000001 -0.8524937568503068 0.0000000000000003
0.3671875000000001 -0.8524937568503068 0.0000000000000004
0.7968750000000000 0.3247595264191645 0.0000000000000548
0.8046875000000000 0.3112278794850326 0.0000000000000469
0.6796875000000000 0.5277342304311423 0.0000000000000548
0.6718750000000000 0.5412658773652741 0.0000000000000469
0.7968750000000000 -0.3247595264191645 0.0000000000000548
0.8046875000000000 -0.3112278794850326 0.0000000000000469
0.6796875000000000 -0.5277342304311423 0.0000000000000548
0.6718750000000000 -0.5412658773652741 0.0000000000000469
0.1171875000000001 0.8524937568503068 0.0000000000000548
0.1328125000000001 0.8524937568503068 0.0000000000000469
-0.1171874999999998 0.8524937568503068 0.0000000000000548
-0.1328124999999998 0.8524937568503068 0.0000000000000469
-0.6796874999999998 0.5277342304311423 0.0000000000000548
-0.6718749999999998 0.5412658773652742 0.0000000000000469
-0.7968750000000000 0.3247595264191646 0.0000000000000548
-0.8046875000000000 0.3112278794850327 0.0000000000000469
-0.7968750000000002 -0.3247595264191644 0.0000000000000548
-0.8046875000000002 -0.3112278794850325 0.0000000000000469
-0.6796875000000002 -0.5277342304311421 0.0000000000000548
-0.6718750000000002 -0.5412658773652740 0.0000000000000469
-0.1171875000000002 -0.8524937568503067 0.0000000000000548
-0.1328125000000003 -0.8524937568503067 0.0000000000000469
0.1171874999999999 -0.8524937568503068 0.0000000000000548
0.1328124999999999 -0.8524937568503068 0.0000000000000469
0.9609375000000000 0.0405949408023956 0.0000000000000000
0.9531250000000000 0.0541265877365274 0.0000000000000001
0.9609375000000000 -0.0405949408023956 0.0000000000000000
0.9531250000000000 -0.0541265877365274 0.0000000000000001
0.5156250000000000 0.8118988160479113 0.0000000000000000
0.5234375000000000 0.7983671691137794 0.0000000000000001
0.4453125000000001 0.8524937568503068 0.0000000000000000
0.4296875000000001 0.8524937568503068 0.0000000000000001
-0.4453124999999998 0.8524937568503068 0.0000000000000000
-0.4296874999999998 0.8524937568503068 0.0000000000000001
-0.5156249999999998 0.8118988160479113 0.0000000000000000
-0.5234374999999998 0.7983671691137795 0.0000000000000001
-0.9609375000000000 0.0405949408023957 0.0000000000000000
-0.9531250000000000 0.0541265877365275 0.0000000000000001
-0.9609375000000000 -0.0405949408023954 0.0000000000000000
-0.9531250000000000 -0.0541265877365273 0.0000000000000001
-0.5156250000000004 -0.8118988160479110 0.0000000000000000
-0.5234375000000004 -0.7983671691137793 0.0000000000000001
-0.4453125000000004 -0.8524937568503067 0.0000000000000000
-0.4296875000000004 -0.8524937568503067 0.0000000000000001
0.5156250000000000 -0.8118988160479113 0.0000000000000000
0.5234375000000000 -0.7983671691137794 0.0000000000000001
0.4453125000000001 -0.8524937568503068 0.0000000000000000
0.4296875000000001 -0.8524937568503068 0.0000000000000001
0.7656250000000000 0.3788861141556919 0.0000000000000842
0.7734375000000000 0.3653544672215601 0.0000000000000779
0.7109375000000000 0.4736076426946149 0.0000000000000842
0.7031250000000000 0.4871392896287467 0.0000000000000779
0.7656250000000000 -0.3788861141556919 0.0000000000000842
0.7734375000000000 -0.3653544672215601 0.0000000000000779
0.7109375000000000 -0.4736076426946149 0.0000000000000842
0.7031250000000000 -0.4871392896287467 0.0000000000000779
0.0546875000000002 0.8524937568503068 0.0000000000000842
0.0703125000000001 0.8524937568503068 0.0000000000000779
-0.0546874999999998 0.8524937568503068 0.0000000000000842
-0.0703124999999998 0.8524937568503068 0.0000000000000779
-0.7109374999999998 0.4736076426946150 0.0000000000000842
-0.7031249999999998 0.4871392896287468 0.0000000000000779
-0.7656250000000000 0.3788861141556920 0.0000000000000842
-0.7734375000000000 0.3653544672215602 0.0000000000000779
-0.7656250000000002 -0.3788861141556918 0.0000000000000842
-0.7734375000000002 -0.3653544672215600 0.0000000000000779
-0.7109375000000002 -0.4736076426946147 0.0000000000000842
-0.7031250000000002 -0.4871392896287466 0.0000000000000779
-0.0546875000000002 -0.8524937568503067 0.0000000000000842
-0.0703125000000002 -0.8524937568503067 0.0000000000000779
0.0546874999999999 -0.8524937568503068 0.0000000000000842
0.0703124999999999 -0.8524937568503068 0.0000000000000779
0.8906250000000000 0.1623797632095823 0.0000000000000023
0.8984375000000000 0.1488481162754504 0.0000000000000016
0.8359375000000000 0.2571012917485052 0.0000000000000206
0.8281250000000000 0.2706329386826370 0.0000000000000261
0.8906250000000000 -0.1623797632095823 0.0000000000000023
0.8984375000000000 -0.1488481162754504 0.0000000000000016
0.8359375000000000 -0.2571012917485052 0.0000000000000206
0.8281250000000000 -0.2706329386826370 0.0000000000000261
0.5859375000000000 0.6901139936407246 0.0000000000000023
0.5781250000000000 0.7036456405748563 0.0000000000000016
0.6406250000000000 0.5953924651018015 0.0000000000000206
0.6484375000000000 0.5818608181676697 0.0000000000000261
0.3046875000000001 0.8524937568503068 0.0000000000000023
0.3203125000000001 0.8524937568503068 0.0000000000000016
0.1953125000000001 0.8524937568503068 0.0000000000000206
0.1796875000000001 0.8524937568503068 0.0000000000000261
-0.3046874999999998 0.8524937568503068 0.0000000000000023
-0.3203124999999998 0.8524937568503068 0.0000000000000016
-0.1953124999999998 0.8524937568503068 0.0000000000000206
-0.1796874999999998 0.8524937568503068 0.0000000000000261
-0.5859374999999998 0.6901139936407246 0.0000000000000023
-0.5781249999999998 0.7036456405748565 0.0000000000000016
-0.6406249999999998 0.5953924651018017 0.0000000000000206
-0.6484374999999998 0.5818608181676698 0.0000000000000261
-0.8906250000000000 0.1623797632095824 0.0000000000000023
-0.8984375000000000 0.1488481162754505 0.0000000000000016
-0.8359375000000000 0.2571012917485053 0.0000000000000206
-0.8281250000000000 0.2706329386826372 0.0000000000000261
-0.8906250000000000 -0.1623797632095821 0.0000000000000023
-0.8984375000000000 -0.1488481162754503 0.0000000000000016
-0.8359375000000002 -0.2571012917485051 0.0000000000000206
-0.8281250000000002 -0.2706329386826369 0.0000000000000261
-0.5859375000000004 -0.6901139936407243 0.0000000000000023
-0.5781250000000004 -0.7036456405748562 0.0000000000000016
-0.6406250000000002 -0.5953924651018014 0.0000000000000206
-0.6484375000000002 -0.5818608181676695 0.0000000000000261
-0.3046875000000003 -0.8524937568503067 0.0000000000000023
-0.3203125000000003 -0.8524937568503067 0.0000000000000016
-0.1953125000000003 -0.8524937568503067 0.0000000000000206
-0.1796875000000003 -0.8524937568503067 0.0000000000000261
0.5859375000000000 -0.6901139936407246 0.0000000000000023
0.5781250000000000 -0.7036456405748563 0.0000000000000016
0.6406250000000000 -0.5953924651018015 0.0000000000000206
0.6484375000000000 -0.5818608181676697 0.0000000000000261
0.3046875000000000 -0.8524937568503068 0.0000000000000023
0.3203125000000000 -0.8524937568503068 0.0000000000000016
0.1953124999999999 -0.8524937568503068 0.0000000000000206
0.1796874999999999 -0.8524937568503068 0.0000000000000261
0.9765625000000000 0.0135316469341319 0.0000000000000000
0.9765625000000000 -0.0135316469341319 0.0000000000000000
0.9687500000000000 0.0270632938682637 0.0000000000000000
0.9687500000000000 -0.0270632938682637 0.0000000000000000
0.5000000000000000 0.8389621099161749 0.0000000000000000
0.4765625000000001 0.8524937568503068 0.0000000000000000
0.5078125000000000 0.8254304629820430 0.0000000000000000
0.4609375000000001 0.8524937568503068 0.0000000000000000
-0.4765624999999998 0.8524937568503068 0.0000000000000000
-0.4999999999999998 0.8389621099161750 0.0000000000000000
-0.4609374999999998 0.8524937568503068 0.0000000000000000
-0.5078124999999998 0.8254304629820431 0.0000000000000000
-0.9765625000000000 0.0135316469341320 0.0000000000000000
-0.9765625000000000 -0.0135316469341317 0.0000000000000000
-0.9687500000000000 0.0270632938682638 0.0000000000000000
-0.9687500000000000 -0.0270632938682636 0.0000000000000000
-0.5000000000000004 -0.8389621099161748 0.0000000000000000
-0.4765625000000004 -0.8524937568503067 0.0000000000000000
-0.5078125000000004 -0.8254304629820429 0.0000000000000000
-0.4609375000000004 -0.8524937568503067 0.0000000000000000
0.5000000000000000 -0.8389621099161749 0.0000000000000000
0.4765625000000001 -0.8524937568503068 0.0000000000000000
0.5078125000000000 -0.8254304629820430 0.0000000000000000
0.4609375000000001 -0.8524937568503068 0.0000000000000000
0.7500000000000000 0.4059494080239556 0.0000000000000928
0.7578125000000000 0.3924177610898237 0.0000000000000893
0.7265625000000000 0.4465443488263511 0.0000000000000928
0.7187500000000000 0.4600759957604830 0.0000000000000893
0.7500000000000000 -0.4059494080239556 0.0000000000000928
0.7578125000000000 -0.3924177610898237 0.0000000000000893
0.7265625000000000 -0.4465443488263511 0.0000000000000928
0.7187500000000000 -0.4600759957604830 0.0000000000000893
0.0234375000000002 0.8524937568503068 0.0000000000000928
0.0390625000000002 0.8524937568503068 0.0000000000000893
-0.0234374999999998 0.8524937568503068 0.0000000000000928
-0.0390624999999998 0.8524937568503068 0.0000000000000893
-0.7265624999999998 0.4465443488263512 0.0000000000000928
-0.7187499999999998 0.4600759957604831 0.0000000000000893
-0.7500000000000000 0.4059494080239557 0.0000000000000928
-0.7578125000000000 0.3924177610898238 0.0000000000000893
-0.7500000000000002 -0.4059494080239555 0.0000000000000928
-0.7578125000000002 -0.3924177610898236 0.0000000000000893
-0.7265625000000002 -0.4465443488263510 0.0000000000000928
-0.7187500000000002 -0.4600759957604829 0.0000000000000893
-0.0234375000000002 -0.8524937568503067 0.0000000000000928
-0.0390625000000002 -0.8524937568503067 0.0000000000000893
0.0234374999999998 -0.8524937568503068 0.0000000000000928
0.0390624999999999 -0.8524937568503068 0.0000000000000893
0.8750000000000000 0.1894430570778459 0.0000000000000048
0.8828125000000000 0.1759114101437141 0.0000000000000034
0.8515625000000000 0.2300379978802415 0.0000000000000122
0.8437500000000000 0.2435696448143733 0.0000000000000160
0.8750000000000000 -0.1894430570778459 0.0000000000000048
0.8828125000000000 -0.1759114101437141 0.0000000000000034
0.8515625000000000 -0.2300379978802415 0.0000000000000122
0.8437500000000000 -0.2435696448143733 0.0000000000000160
0.6015625000000000 0.6630506997724608 0.0000000000000048
0.5937500000000000 0.6765823467065927 0.0000000000000034
0.6250000000000000 0.6224557589700652 0.0000000000000122
0.6328125000000000 0.6089241120359334 0.0000000000000160
0.2734375000000001 0.8524937568503068 0.0000000000000048
0.2890625000000001 0.8524937568503068 0.0000000000000034
0.2265625000000001 0.8524937568503068 0.0000000000000122
0.2109375000000001 0.8524937568503068 0.0000000000000160
-0.2734374999999998 0.8524937568503068 0.0000000000000048
-0.2890624999999998 0.8524937568503068 0.0000000000000034
-0.2265624999999998 0.8524937568503068 0.0000000000000122
-0.2109374999999998 0.8524937568503068 0.0000000000000160
-0.6015624999999998 0.6630506997724609 0.0000000000000048
-0.5937499999999998 0.6765823467065928 0.0000000000000034
-0.6249999999999998 0.6224557589700653 0.0000000000000122
-0.6328124999999998 0.6089241120359334 0.0000000000000160
-0.8750000000000000 0.1894430570778460 0.0000000000000048
-0.8828125000000000 0.1759114101437142 0.0000000000000034
-0.8515625000000000 0.2300379978802416 0.0000000000000122
-0.8437500000000000 0.2435696448143735 0.0000000000000160
-0.8750000000000000 -0.1894430570778458 0.0000000000000048
-0.8828125000000000 -0.1759114101437140 0.0000000000000034
-0.8515625000000002 -0.2300379978802414 0.0000000000000122
-0.8437500000000002 -0.2435696448143732 0.0000000000000160
-0.6015625000000004 -0.6630506997724607 0.0000000000000048
-0.5937500000000004 -0.6765823467065926 0.0000000000000034
-0.6250000000000002 -0.6224557589700651 0.0000000000000122
-0.6328125000000002 -0.6089241120359332 0.0000000000000160
-0.2734375000000003 -0.8524937568503067 0.0000000000000048
-0.2890625000000003 -0.8524937568503067 0.0000000000000034
-0.2265625000000003 -0.8524937568503067 0.0000000000000122
-0.2109375000000003 -0.8524937568503067 0.0000000000000160
0.6015625000000000 -0.6630506997724608 0.0000000000000048
0.5937500000000000 -0.6765823467065927 0.0000000000000034
0.6250000000000000 -0.6224557589700652 0.0000000000000122
0.6328125000000000 -0.6089241120359334 0.0000000000000160
0.2734375000000000 -0.8524937568503068 0.0000000000000048
0.2890625000000000 -0.8524937568503068 0.0000000000000034
0.2265624999999999 -0.8524937568503068 0.0000000000000122
0.2109374999999999 -0.8524937568503068 0.0000000000000160
0.9375000000000000 0.0811898816047911 0.0000000000000002
0.9453125000000000 0.0676582346706593 0.0000000000000001
0.9140625000000000 0.1217848224071867 0.0000000000000007
0.9062500000000000 0.1353164693413185 0.0000000000000010
0.9375000000000000 -0.0811898816047911 0.0000000000000002
0.9453125000000000 -0.0676582346706593 0.0000000000000001
0.9140625000000000 -0.1217848224071867 0.0000000000000007
0.9062500000000000 -0.1353164693413185 0.0000000000000010
0.5390625000000000 0.7713038752455157 0.0000000000000002
0.5312500000000000 0.7848355221796475 0.0000000000000001
0.5625000000000000 0.7307089344431201 0.0000000000000007
0.5703125000000000 0.7171772875089882 0.0000000000000010
0.3984375000000001 0.8524937568503068 0.0000000000000002
0.4140625000000001 0.8524937568503068 0.0000000000000001
0.3515625000000001 0.8524937568503068 0.0000000000000007
0.3359375000000001 0.8524937568503068 0.0000000000000010
-0.3984374999999998 0.8524937568503068 0.0000000000000002
-0.4140624999999998 0.8524937568503068 0.0000000000000001
-0.3515624999999998 0.8524937568503068 0.0000000000000007
-0.3359374999999998 0.8524937568503068 0.0000000000000010
-0.5390624999999998 0.7713038752455157 0.0000000000000002
-0.5312499999999998 0.7848355221796476 0.0000000000000001
-0.5624999999999998 0.7307089344431201 0.0000000000000007
-0.5703124999999998 0.7171772875089883 0.0000000000000010
-0.9375000000000000 0.0811898816047912 0.0000000000000002
-0.9453125000000000 0.0676582346706594 0.0000000000000001
-0.9140625000000000 0.1217848224071868 0.0000000000000007
-0.9062500000000000 0.1353164693413186 0.0000000000000010
-0.9375000000000000 -0.0811898816047910 0.0000000000000002
-0.9453125000000000 -0.0676582346706592 0.0000000000000001
-0.9140625000000000 -0.1217848224071866 0.0000000000000007
-0.9062500000000000 -0.1353164693413184 0.0000000000000010
-0.5390625000000004 -0.7713038752455155 0.0000000000000002
-0.5312500000000004 -0.7848355221796474 0.0000000000000001
-0.5625000000000004 -0.7307089344431199 0.0000000000000007
-0.5703125000000004 -0.7171772875089881 0.0000000000000010
-0.3984375000000004 -0.8524937568503067 0.0000000000000002
-0.4140625000000004 -0.8524937568503067 0.0000000000000001
-0.3515625000000003 -0.8524937568503067 0.0000000000000007
-0.3359375000000003 -0.8524937568503067 0.0000000000000010
0.5390625000000000 -0.7713038752455157 0.0000000000000002
0.5312500000000000 -0.7848355221796475 0.0000000000000001
0.5625000000000000 -0.7307089344431201 0.0000000000000007
0.5703125000000000 -0.7171772875089882 0.0000000000000010
0.3984375000000001 -0.8524937568503068 0.0000000000000002
0.4140625000000001 -0.8524937568503068 0.0000000000000001
0.3515625000000000 -0.8524937568503068 0.0000000000000007
0.3359375000000000 -0.8524937568503068 0.0000000000000010
0.7890625000000000 0.3382911733532963 0.0000000000000628
0.7812500000000000 0.3518228202874282 0.0000000000000706
0.8125000000000000 0.2976962325509008 0.0000000000000393
0.8203125000000000 0.2841645856167689 0.0000000000000323
0.6875000000000000 0.5142025834970104 0.0000000000000628
0.6953125000000000 0.5006709365628785 0.0000000000000706
0.6640625000000000 0.5547975242994060 0.0000000000000393
0.6562500000000000 0.5683291712335379 0.0000000000000323
0.7890625000000000 -0.3382911733532963 0.0000000000000628
0.7812500000000000 -0.3518228202874282 0.0000000000000706
0.8125000000000000 -0.2976962325509008 0.0000000000000393
0.8203125000000000 -0.2841645856167689 0.0000000000000323
0.6875000000000000 -0.5142025834970104 0.0000000000000628
0.6953125000000000 -0.5006709365628785 0.0000000000000706
0.6640625000000000 -0.5547975242994060 0.0000000000000393
0.6562500000000000 -0.5683291712335379 0.0000000000000323
0.1015625000000001 0.8524937568503068 0.0000000000000628
0.0859375000000001 0.8524937568503068 0.0000000000000706
0.1484375000000001 0.8524937568503068 0.0000000000000393
0.1640625000000001 0.8524937568503068 0.0000000000000323
-0.1015624999999998 0.8524937568503068 0.0000000000000628
-0.0859374999999998 0.8524937568503068 0.0000000000000706
-0.1484374999999998 0.8524937568503068 0.0000000000000393
-0.1640624999999998 0.8524937568503068 0.0000000000000323
-0.6874999999999998 0.5142025834970105 0.0000000000000628
-0.6953124999999998 0.5006709365628786 0.0000000000000706
-0.6640624999999998 0.5547975242994061 0.0000000000000393
-0.6562499999999998 0.5683291712335379 0.0000000000000323
-0.7890625000000000 0.3382911733532964 0.0000000000000628
-0.7812500000000000 0.3518228202874283 0.0000000000000706
-0.8125000000000000 0.2976962325509009 0.0000000000000393
-0.8203125000000000 0.2841645856167690 0.0000000000000323
-0.7890625000000002 -0.3382911733532962 0.0000000000000628
-0.7812500000000002 -0.3518228202874281 0.0000000000000706
-0.8125000000000002 -0.2976962325509007 0.0000000000000393
-0.8203125000000002 -0.2841645856167688 0.0000000000000323
-0.6875000000000002 -0.5142025834970103 0.0000000000000628
-0.6953125000000002 -0.5006709365628784 0.0000000000000706
-0.6640625000000002 -0.5547975242994059 0.0000000000000393
-0.6562500000000002 -0.5683291712335377 0.0000000000000323
-0.1015625000000002 -0.8524937568503067 0.0000000000000628
-0.0859375000000002 -0.8524937568503067 0.0000000000000706
-0.1484375000000003 -0.8524937568503067 0.0000000000000393
-0.1640625000000003 -0.8524937568503067 0.0000000000000323
0.1015624999999999 -0.8524937568503068 0.0000000000000628
0.0859374999999999 -0.8524937568503068 0.0000000000000706
0.1484374999999999 -0.8524937568503068 0.0000000000000393
0.1640624999999999 -0.8524937568503068 0.0000000000000323
